823 0.8989 7182 7079 0.444713870029 0.2222 0.2923 0.2
1146 0.8673 7206 10170 0.756266666667 0.5281 0.5186 0.6296
1180 0.8062 9192 9341 0.781997918835 0.4656 0.4717 0.3529
830 0.5125 8720 6557 0.331198861615 0.0833 0.2523 0.25
1171 0.5655 9450 9605 0.81394129979 0.6743 0.5661 0.7237
970 0.8371 8750 7173 0.62885619364 0.3023 0.2057 0.6667
1215 0.8274 9852 9429 0.882455376578 0.7109 0.5095 0.5667
1177 0.6422 30690 7513 0.84984984985 0.6438 0.3571 0.4286
999 0.6279 23500 6027 0.781431334623 0.4279 0.4773 0
1036 0.8326 7092 6857 0.627607887968 0.3507 0.2457 0.3333
1023 0.7388 15630 5638 0.718120805369 0.4531 0.1 0
950 0.9957 7660 6408 0.543230016313 0.3311 0.2767 0.3333
1058 0.7125 18690 5024 0.755856966708 0.5455 0.3333 0.5
1070 0.8729 10000 7035 0.771186440678 0.458 0.4143 0.2222
1028 0.8092 7078 7152 0.687901008249 0.3807 0.2406 0.2308
1153 0.7697 26328 8261 0.915360501567 0.702 0.4194 0.6667
1064 0.8604 6948 7212 0.701489268506 0.3724 0.1811 0.3478
1100 0.4627 30924 6057 0.811918063315 0.5882 0.38 0.6071
990 0.6821 7276 5996 0.543508214096 0.4342 0.2484 0.375
937 0.3511 18900 6679 0.618340611354 0 0.4317 0.6667
1008 0.3745 29810 5137 0.768240343348 0.4333 0 0.4
1145 0.8023 9861 10405 0.802837511134 0.6249 0.4228 0.5264
1106 0.7692 10391 10320 0.832651333427 0.638 0.4743 0.573
1171 0.7898 31034 8387 0.86524034454 0.6051 0.3333 0.4412
1050 0.9137 9738 7863 0.760114231318 0.518 0.4105 0.4033
1045 0.6076 21832 4617 0.748917748918 0.4906 0 0
1077 0.5274 7094 7480 0.657655611086 0.2918 0.1401 0.1667
1142 0.5898 23594 6354 0.798283261803 0.5128 0.75 0.6667
1156 0.5858 7818 8902 0.851529470281 0.6076 0.5414 0.5962
842 0.277 5938 5341 0.407279881948 0.375 0.2568 0
1088 0.7551 7510 6957 0.646862951279 0.4057 0.2587 0.2609
1008 0.8503 5598 6096 0.656991260924 0.43 0.1786 0.3571
1070 0.8997 7595 6434 0.762225548902 0.4635 0.2446 0.3947
974 0.5407 13350 4948 0.764492753623 0.4255 0.0714 1
1139 0.7628 16170 7082 0.876754118365 0.6387 0.2632 0.4
1011 0.6221 7580 5606 0.650205761317 0.3061 0.232 0.1875
1267 0.8039 37816 7233 0.869688385269 0.7344 0.3077 0.2667
1144 0.6982 22734 6425 0.931360946746 0.6568 0.4 0.8667
1090 0.7011 22370 4598 0.844298245614 0.6317 0.25 0.1667
1057 0.6136 24350 5489 0.75 0.4091 0.2857 0.2857
1001 0.6798 13750 5359 0.81746031746 0.4146 0 0.4
989 0.6081 7466 6077 0.599522292994 0.3682 0.2071 0.3
1028 0.5736 4528 6658 0.589004229143 0.2229 0.1538 0.3333
1098 0.7985 32256 9231 0.899326198969 0.6994 0.4324 0.5043
1123 0.7286 32142 8924 0.929334916865 0.709 0.7368 0.62
984 0.788 28122 8355 0.782798040283 0.6119 0.6 0.5301
1108 0.4802 35720 9597 0.904869762174 0.7029 0.8571 0.7059
1242 0.3123 8724 8675 0.94618494189 0.7196 0.5417 0.5871
901 0.6626 6775 8122 0.738342967245 0.4423 0.2778 0.3991
917 0.7215 6491 8072 0.833404894805 0.536 0.3448 0.5231
888 0.5831 6550 8558 0.733838786911 0.4731 0.2684 0.408
1070 0.5218 6350 9101 0.904316546763 0.5792 0.4553 0.4353
1014 0.7161 6972 8370 0.862789641072 0.6079 0.4051 0.4548
845 0.5747 6100 8202 0.698206555349 0.3947 0.2448 0.3091
920 0.5815 6287 8027 0.826431181486 0.5734 0.3108 0.4618
1021 0.4579 6186 8521 0.861254295533 0.5649 0.4587 0.4976
910 0.6872 6550 8804 0.804790419162 0.4113 0.2244 0.3062
1012 0.3082 6240 8671 0.8766270515 0.696 0.4913 0.5271
871 0.6752 6344 8767 0.789637305699 0.4 0.2308 0.3346
918 0.4624 6525 8395 0.801676321952 0.533 0.3434 0.4131
945 0.6968 6628 8364 0.837929093979 0.4956 0.2852 0.3892
1350 0.18 12864 14652 0.893109372018 0.9004 0.7868 0.8425
1192 0.4521 13895 12065 0.919936958235 0.8482 0.6961 0.7168
1122 0.4239 13149 12839 0.915738600546 0.8252 0.7876 0.7835
1289 0.2199 12697 15089 0.916604393962 0.9061 0.845 0.8346
1078 0.62 12960 11324 0.831275720165 0.674 0.6678 0.6239
1276 0.375 13271 13126 0.921000331236 0.8512 0.75 0.7408
1212 0.4444 13746 13048 0.896010464356 0.8248 0.7321 0.7573
1087 0.5991 13397 12110 0.895321788576 0.7333 0.6604 0.6775
1080 0.748 6536 8259 0.907534246575 0.5794 0.75 0.5333
1208 0.4471 43573 11095 0.870821014328 0.758 0.6957 0.7647
1020 0.9119 29630 7044 0.895921237693 0.6561 0.4545 0.6389
986 0.492 25888 5271 0.84046692607 0.4615 0.1429 0.4444
1057 0.7752 40600 8770 0.869636963696 0.49 0.4815 0.4783
979 0.7844 25716 6562 0.807924203273 0.6162 0.3333 0.5357
1483 0.1817 46509 12450 1 0.8908 1 0.9286
910 0.5668 33020 7717 0.697860962567 0.4444 0.4 0.6111
1008 0.8018 7144 8148 0.779337231969 0.4216 0.4 0.3525
930 0.7482 12500 6394 0.789699570815 0.5806 0 0.4
1035 0.3895 35000 8605 0.809102402023 0.6186 0.6111 0.5526
926 0.4677 29103 7230 0.779005524862 0.5333 0.4375 0.3861
1104 0.6137 28800 7063 0.933609958506 0.5576 0.6667 0.5625
1202 0.5412 40265 10098 0.919163369135 0.7434 0.6154 0.8023
1001 0.3705 37100 11564 0.783333333333 0.4407 0.3846 0.4211
1151 0.6798 41494 9759 0.805940594059 0.6026 0.4737 0.587
928 0.7409 33852 8055 0.846416382253 0.8 0.4 0.6465
972 0.872 31126 8084 0.80035971223 0.3667 0.5 0.7
1303 0.4239 46652 10402 0.951871657754 0.8902 0.7895 0.9103
1002 0.4628 39430 6936 0.829694323144 0.587 0.5 0.6818
951 0.4681 26050 5232 0.781456953642 0.4268 0.25 0.4286
1017 0.5055 27480 6452 0.810848400556 0.4356 0.6 0.3774
1172 0.7265 39810 10089 0.885284810127 0.6398 0.4167 0.7818
1235 0.3734 44902 11650 0.919370698132 0.8106 0.7719 0.8462
1155 0.6654 30356 9653 0.938292476754 0.7286 0.875 0.7018
1135 0.672 41290 9234 0.913189771198 0.7373 0.619 0.7714
1090 0.3121 6766 9229 0.871751559252 0.6838 0.6341 0.5975
1228 0.4885 41392 11648 0.922647527911 0.7615 0.3478 0.7643
1061 0.8269 38406 8172 0.802955665025 0.3143 0.25 0.25
998 0.6379 6450 9147 0.814215985357 0.4419 0.4231 0.4463
1161 0.6129 40294 12409 0.872443487621 0.6565 0.5455 0.7134
1030 0.6347 7343 9155 0.878154425612 0.5107 0.3658 0.3984
1294 0.5122 42156 11662 0.946601941748 0.8339 0.7705 0.8466
1030 0.555 23300 6144 0.837725381415 0.5246 0.1818 0.4375
1115 0.6947 39890 9229 0.884440400364 0.6842 0.3929 0.672
1006 0.8186 7234 8448 0.85969738652 0.5739 0.3696 0.43
980 0.6977 29250 7714 0.882125603865 0.5352 0.4167 0.4727
1137 0.8667 37300 9878 0.65625 0.5333 0.3333 0.3333
1380 0.1984 46298 13045 0.950040507696 0.9102 0.8395 0.9116
1193 0.7016 38510 9329 0.931764705882 0.7782 1 0.6818
1043 0.6325 40296 8954 0.86398467433 0.6452 0.6154 0.6988
987 0.5575 33150 9365 0.827054794521 0.6607 0.125 0.3725
939 0.526 7449 5986 0.626040878123 0.284 0.1111 0.1887
1073 0.7587 7933 9364 0.833480956599 0.4053 0.3091 0.3975
1068 0.91 7024 7285 0.88176519567 0.4778 0.4242 0.4182
1192 0.8771 10347 10298 0.88924218336 0.7094 0.549 0.5894
1323 0.2228 44222 10886 0.937269372694 0.8768 0.8 0.8205
1298 0.3743 16485 10579 0.949462365591 0.7089 0.4167 0.6604
1127 0.7743 9313 8869 0.895771187928 0.6472 0.5667 0.5763
1231 0.7673 40707 8914 0.917716827279 0.7909 0.7241 0.7059
1049 0.875 6923 7028 0.774285714286 0.3982 0.125 0.4
972 0.8212 6725 6428 0.703846153846 0.3183 0.2857 0.1894
973 0.7116 5744 5904 0.709565839695 0.2852 0.1613 0.23
1029 0.6957 6968 7487 0.859074925615 0.4826 0.3297 0.3722
1087 0.6986 32424 6685 0.849276527331 0.5919 0.5556 0.5741
967 0.9434 7327 6619 0.685835095137 0.3854 0.3243 0.2824
1005 0.932 7343 6173 0.855646100116 0.4519 0.2727 0.16
830 0.6821 28378 7601 0.751491053678 0.5844 0.6957 0.5
923 0.6385 29090 7160 0.680168776371 0.3857 0.2298 0.2703
1006 0.6413 8706 8513 0.852443308847 0.5364 0.4545 0.3867
1233 0.5366 12022 11500 0.929144166258 0.837 0.7191 0.7978
1017 0.6453 9376 8091 0.853795211411 0.5375 0.4921 0.4516
1053 0.6173 33358 8178 0.859696157283 0.5889 0.4946 0.5833
1034 0.7441 33740 9407 0.877475247525 0.5924 0.4 0.3692
865 0.8302 20925 7340 0.611772072636 0.5217 0.1579 0.3333
1102 0.6722 39330 8649 0.955575702629 0.7592 0.8696 0.7571
950 0.857 33417 8193 0.867326732673 0.8235 0.5 0.4
921 0.7542 9020 8318 0.806947433139 0.5174 0.3759 0.4876
1240 0.3178 47510 10884 0.935406698565 0.877 0.641 0.9063
1387 0.2092 47244 11163 0.962711864407 0.9224 0.7556 0.9492
1497 0.0705 44000 16042 0.947030497592 0.9813 0.9753 0.9683
890 0.4168 7336 7478 0.535353535354 0.569 0.3578 0.3182
1178 0.6468 12112 11834 0.931539064541 0.8194 0.6129 0.7654
841 0.625 23590 6703 0.641493055556 0.2367 0.168 0
1258 0.4312 40649 11074 0.927662037037 0.8247 0.6977 0.7273
1118 0.6007 38526 9565 0.924675324675 0.6983 0.65 0.587
841 0.6558 13800 10183 0.760135135135 0.5528 0.2105 0.1875
1297 0.3308 47343 13058 0.951241534989 0.8204 0.7308 0.8134
1398 0.1697 44805 12851 0.965659340659 0.9428 0.8846 0.8941
1062 0.4257 9700 4941 0.832535885167 0.3333 1 0.5
930 0.4678 28160 7696 0.746625129803 0.3761 0.3308 0.3662
812 0.666 14410 5838 0.381695267811 1 0.5432 0.9
940 0.776 33600 5194 0.763537906137 0.3788 0.2941 0.6071
970 0.4172 12470 4789 0.640287769784 0.4762 0 0
1175 0.4894 6317 8646 0.852875488554 0.6867 0.617 0.6537
1026 0.7009 17125 4964 0.891666666667 0.5646 0.1667 0.5
1138 0.7104 37362 7433 0.811957569913 0.669 0.7727 0.5833
802 0.2732 11525 4637 0.27027027027 0.1 0.2047 0
1105 0.7405 31334 8505 0.86524034454 0.5754 0.3594 0.5165
947 0.45 5785 7994 0.569454204732 0.1905 0.4177 0.1667
1039 0.4773 4790 7962 0.788629978516 0.3947 0.3862 0.4034
1096 0.4987 16180 6087 0.882969432314 0.9586 1 0.95
1060 0.5875 14490 6334 0.887417218543 0.5048 0.1667 0.1429
884 0.1336 11830 6539 0.84085106383 0.2308 0.5556 0.3684
1153 0.6045 36020 9025 0.572869955157 0.5311 0.2222 0.5429
1154 0.4304 6496 9653 0.7810708623 0.4121 0.4884 0.5365
1102 0.4989 28580 7152 0.824582338902 0.5586 0.6571 0.6897
1212 0.5681 6507 9706 0.856627809158 0.7747 0.7352 0.7625
1272 0.4655 6263 10498 0.878139534884 0.8829 0.7765 0.8765
1010 0.4737 29900 6923 0.796752226296 0.4448 0.2908 0.3333
1332 0.4044 42852 11115 0.896731054978 0.8285 0.6738 0.8449
1143 0.5343 6353 7279 0.827050433011 0.5101 0.4046 0.4025
932 0.5102 22130 6891 0.785304659498 0.3014 0.0952 0.4737
1084 0.5746 25430 9482 0.702920443102 0.4364 0.2547 0.4318
1061 0.8412 25532 7362 0.782780410742 0.4812 0.2857 0.5385
1199 0.5889 41460 7767 0.831292517007 0.6683 0.75 0.64
1168 0.4524 6410 8082 0.789967063593 0.635 0.6193 0.6161
904 0.4567 26370 9486 0.702097902098 0.6667 0.22 0.4173
1168 0.5925 38330 9877 0.85663507109 0.6558 0.5789 0.6444
955 0.5932 19986 6899 0.820853743877 0.405 0.3333 0.3494
1075 0.5221 25772 8424 0.867700258398 0.6201 0.5902 0.6356
863 0.4847 9840 3450 0.771186440678 0.4043 0 0
908 0.3378 18430 4638 0.664440734558 0.4321 0.4375 0.4
922 0.6377 21050 4783 0.6735218509 0.322 0.4444 0.2308
1062 0.4808 6357 7392 0.774692582309 0.4349 0.3333 0.3396
897 0.709 3848 4752 0.588881706529 0.1887 0.0629 0.1667
887 0.1992 6024 5607 0.357060185185 0.5556 0.4269 0
997 0.6998 5085 5620 0.734268248831 0.3074 0.4444 0.3333
946 0.5353 17400 5482 0.743506493506 0.5532 0.25 1
880 0.568 21100 6418 0.527621722846 0 0.3944 0.3333
1186 0.6032 29090 7060 0.882681564246 0.5885 0.76 0.6
957 0.7829 23350 6737 0.787766450417 0.4444 0.4127 0.5714
896 0.5137 13560 4805 0.656050955414 0.1979 0.0833 0.3333
940 0.8221 4388 5595 0.515151515152 0.178 0.1287 0.2308
939 0.477 5153 6019 0.644761904762 0.3101 0.2785 0.3182
984 0.5543 5514 6212 0.622432210353 0.3306 0.2483 0.2857
1173 0.5704 29100 6841 0.8976 0.6047 0.3333 0.25
935 0.4783 16800 5151 0.670076726343 0.4615 0.36 0.5714
1363 0.2633 44008 12133 0.941964285714 0.9027 0.8427 0.8868
1352 0.5493 10650 11230 0.952875695733 0.8273 0.7521 0.7328
950 0.6803 5035 5689 0.698666666667 0.373 0.3167 0.2857
1126 0.6798 8790 6354 0.885185185185 0.6128 0.5833 0.5625
1094 0.52 6071 6217 0.763758146271 0.5156 0.5024 0.5139
1060 0.5466 8368 7149 0.726676683513 0.5134 0.5639 0.5276
1247 0.5608 10262 9015 0.889418493804 0.8383 0.7636 0.8061
840 0.4529 3408 5168 0.43756097561 0.1779 0.0867 0.0938
1068 0.5654 5818 6252 0.781550387597 0.4338 0.3986 0.5294
995 0.5837 25690 5532 0.774809160305 0.3785 0.2571 0.5
1171 0.69 33120 7918 0.773480662983 0.6392 0.5082 0.5714
1131 0.5576 31280 4728 0.79381443299 0.6494 0.7222 0.6667
778 0.4377 13332 5423 0.272349272349 0.25 0.2099 0
1001 0.6118 20730 5734 0.741803278689 0.5489 0.1481 0.3333
1013 0.514 18670 5710 0.817635270541 0.2778 0.1786 0.3571
1078 0.6547 33450 8024 0.801153715643 0.7672 0.6029 0.7907
954 0.6807 19670 5154 0.633802816901 0.5116 0.3889 0.125
1123 0.7798 5732 5941 0.809359944942 0.3256 0.4722 0.2963
1000 0.494 19000 5049 0.876811594203 0.4684 0.2 0.4
939 0.8064 16610 3858 0.694444444444 0.319 0.2 0.125
1033 0.5522 5889 5998 0.710249165168 0.4114 0.3787 0.3659
982 0.4339 19775 7250 0.739776951673 0.5778 0.6364 0.75
950 0.5385 5837 5787 0.737472766885 0.4282 0.4568 0.4571
980 0.5365 25105 6076 0.826797385621 0.295 0.375 0.1667
972 0.8359 20090 8006 0.785714285714 0.1967 0 0.3571
967 0.752 6536 8745 0.809480401094 0.3361 0 0.3333
1087 0.8009 9904 10360 0.879298941799 0.3865 0.4444 0.4
1005 0.6411 20180 8603 0.87363584147 0.3226 0.0625 0.3676
1050 0.7766 6292 6905 0.758126810428 0.3902 0.3784 0.2727
1070 0.6565 6524 7986 0.843720930233 0.5568 0.2143 0.463
1070 0.905 24055 5969 0.90092879257 0.6486 0.5 0.7333
936 0.9977 5786 5512 0.730855855856 0.2912 0 0.1765
1079 0.617 26550 5691 0.870185449358 0.5241 0.25 0.3333
1036 0.9963 3850 8206 0.915487006127 0.6084 0.2222 0.4906
1065 0.7184 40585 9208 0.796044499382 0.5341 0.4118 0.375
1011 0.7595 20720 7064 0.838095238095 0.5943 0.5882 0.549
1034 0.6799 18506 5861 0.814249363868 0.4932 0.2353 0.3333
1163 0.6694 29664 8424 0.931330472103 0.764 0.5417 0.7778
892 0.2865 9032 7512 0.489711934156 0.4444 0.1887 0.3333
1504 0.0881 47514 16589 0.9504048583 0.9317 0.8312 0.9055
1030 0.5441 27598 4134 0.81990521327 0.6282 0.2632 0.6316
1163 0.5987 33990 10392 0.834238654284 0.7203 0.6087 0.6824
1010 0.6191 11144 7773 0.855442598562 0.6362 0.4512 0.6
1084 0.718 32920 7596 0.914155251142 0.7589 0.6667 0.6842
1053 0.6781 20060 5887 0.877314814815 0.6429 0.25 0
1033 0.657 23612 5649 0.879330943847 0.5174 0.4091 0.2857
1092 0.714 13410 9797 0.867814854682 0.5828 0.4406 0.4856
1030 0.695 25516 7686 0.813323005422 0.5597 0.3333 0.4595
1303 0.6239 14750 11576 0.93482688391 0.8715 0.7089 0.758
1241 0.5838 39316 7853 0.944444444444 0.7881 0.6897 0.8462
1024 0.6129 27800 5171 0.901287553648 0.636 0.8 0.6
1252 0.5697 40117 11256 0.919444444444 0.6418 0.4444 0.7059
1110 0.6892 13010 7665 0.920314805706 0.7411 0.4516 0.5952
1045 0.7069 27530 6071 0.887820512821 0.5472 0 0.25
1157 0.5727 39842 8231 0.933209647495 0.63 0.3 0.5263
1088 0.5587 26780 9021 0.868658399098 0.6897 0.45 0.4565
996 0.6875 16050 5114 0.803069053708 0.47 0.3333 0.5
850 0.8747 17500 4978 0.599206349206 0.4766 0.2865 0.2
1195 0.914 35573 9432 0.900419287212 0.7346 0.5814 0.601
964 0.7488 22400 5360 0.777011494253 0.5056 0.04 0.3333
1046 0.6289 26050 6641 0.795477903392 0.521 0.2857 0.5
1087 0.5512 28644 5844 0.835541699143 0.6406 0.4222 0.5
1049 0.6431 31500 6770 0.885294117647 0.5959 0.44 0.6364
1125 0.6365 32613 7337 0.920444824636 0.662 0.5 0.625
1030 0.5234 23350 7535 0.862763915547 0.6579 0.2571 0.4412
1010 0.5613 12976 7834 0.833268507714 0.5858 0.2941 0.4206
1458 0.1532 45527 14525 0.957493188011 0.9344 0.9362 0.9412
890 0.5981 8460 6988 0.804043545879 0.255 0.0759 0.184
1105 0.8196 29890 6769 0.857539958304 0.6026 0.3061 0.4474
1048 0.8859 25834 5436 0.8176 0.5882 0.3077 0.2
1029 0.4097 26710 5567 0.803660565724 0.4675 0.3077 0.0909
1035 0.7878 26500 7992 0.733569460842 0.461 0.3421 0.3529
1031 0.5997 28810 6685 0.856756756757 0.6935 0.4091 0.6337
1070 0.5141 27970 7543 0.877631578947 0.5973 0.4 0.5
1010 0.5054 28970 7886 0.820073439412 0.5774 0.2927 0.427
1085 0.5977 9178 7464 0.839360807401 0.4841 0.3191 0.1905
1032 0.7887 12093 7208 0.773677920526 0.4983 0.3001 0.4144
1050 0.8419 9666 7859 0.855692017005 0.5407 0.3274 0.2941
1053 0.9022 24435 6506 0.898203592814 0.601 0.6 0.2222
1049 0.9372 26830 7250 0.766759776536 0.4825 0.2727 0.4286
1205 0.374 24890 7625 0.76 0.6875 1 0
970 0.5931 11767 8263 0.854728284125 0.589 0.3889 0.5351
1318 0.6871 30880 8328 0.97688751926 0.8807 0.5789 0.9
1053 0.5545 26280 6395 0.861859252824 0.6014 0.3143 0.2857
1053 0.6054 9160 7305 0.845264040235 0.6158 0.438 0.5833
1047 0.7158 24970 5506 0.839658444023 0.6961 0.2083 0.8
1212 0.661 34368 7980 0.960526315789 0.7581 0.6111 0.6471
855 0.4 15620 5564 0.614754098361 0.375 0.2143 0.3333
1215 0.6121 40640 8900 0.956435643564 0.8187 0.7292 0.4
1262 0.637 41450 7391 0.959501557632 0.7094 0.6667 0.6364
1147 0.8409 30596 7658 0.914285714286 0.649 0.4091 0.6471
1010 0.6002 27695 6524 0.91313559322 0.5789 0.3 0.5
1123 0.5506 28500 5509 0.950118764846 0.7375 0.75 0.5
1050 0.7884 23970 5839 0.948453608247 0.6107 0.75 0.5
1014 0.7231 25450 4545 0.752380952381 0.4564 0.625 0.7143
1054 0.9732 24040 5945 0.921397379913 0.6266 0.3333 0
996 0.8309 7013 7355 0.747451432968 0.2682 0.1111 0.1579
1013 0.6958 8756 7713 0.784110145582 0.4173 0.314 0.4762
1018 0.8443 24660 6903 0.823899371069 0.6024 0.3571 0.5789
934 0.7225 24860 6965 0.6866359447 0.3372 0.2317 0.1
1004 0.6934 6698 6363 0.777562862669 0.4143 0.1667 0.2941
910 0.8306 8256 7071 0.750900526462 0.4462 0.2875 0.303
950 0.7355 6675 5680 0.746188340807 0.277 0 0.3529
962 0.7003 6816 5575 0.663738580464 0.2579 0.098 0.2381
1198 0.7217 10209 9431 0.890085186938 0.7859 0.5873 0.733
918 0.7625 6739 6557 0.57793764988 0.2514 0.1724 0.3133
950 0.7945 6700 6539 0.720419847328 0.3067 0.1304 0.1905
943 0.5381 6639 5755 0.58934169279 0.2469 0.1111 0
1017 0.7116 27920 6924 0.825342465753 0.4946 0.2 0.6
1024 0.5795 28400 5762 0.806850618459 0.5446 0.3333 0.75
1083 0.9515 23628 6853 0.800482218204 0.6863 0.457 0.7021
1450 0.223 44605 12629 0.983443708609 0.9585 0.85 0.9545
988 0.7285 19200 3610 0.701949860724 0.6557 0.5536 1
975 0.6063 6624 7937 0.613652357495 0.3874 0.1478 0.2554
954 0.7218 7186 6971 0.659420289855 0.2657 0.2791 0.2188
1310 0.5622 42654 8411 0.971186440678 0.7344 0.7692 0.75
981 0.5362 25180 5666 0.870387038704 0.5758 0.2 0.2857
998 0.6419 27350 5443 0.824719101124 0.4602 0.3514 0.1667
895 0.9754 27672 4867 0.788976377953 0.5902 1 0.5
1141 0.8568 34600 6258 0.968992248062 0.715 1 0.6452
1214 0.876 28753 6365 0.945406125166 0.7536 0.5385 0.7273
1095 0.7157 28850 7319 0.806243272336 0.5403 0.4118 0.2941
1158 0.7969 33480 7280 0.902654867257 0.7414 0.4524 0.5135
1050 0.6955 29448 6736 0.845099035043 0.5385 0.5 0.7143
1089 0.658 30700 6790 0.922627737226 0.671 0.25 0.5385
1048 0.7752 28000 6109 0.856275303644 0.7542 0 0.75
1166 0.6171 35730 7662 0.917582417582 0.6576 0.4545 0.5714
1182 0.6411 36430 6592 0.913752913753 0.7247 0.75 0.2222
1119 0.7542 26540 5959 0.960502692998 0.6396 0.25 0
1240 0.6595 30889 9108 0.939796716185 0.7314 0.7037 0.64
926 0.7742 25520 6274 0.806411837238 0.5279 0.36 0.4286
969 0.5018 23530 4986 0.807351077313 0.5679 0.1765 0.3636
979 0.9542 22628 6421 0.842105263158 0.5139 0.0769 0.5
1357 0.3506 43656 9129 0.970414201183 0.8769 0.875 0.84
1145 0.8252 7726 10027 0.908491561181 0.6941 0.45 0.6
1005 0.6012 25550 5473 0.756238003839 0.5 0.1053 0.1905
1208 0.8023 8061 10194 0.913084702908 0.7034 0.6075 0.6693
1088 0.6903 28852 6173 0.921804511278 0.6347 0.25 0.5333
1175 0.7212 37530 7539 0.951219512195 0.7627 0.75 0.6667
1050 0.5337 25990 6371 0.895863052782 0.6 0.5 0.375
1030 0.8331 7685 8062 0.911063829787 0.6848 0.36 0.5313
1095 0.7609 26764 6206 0.949685534591 0.6405 0 0.3333
1050 0.9617 26740 6754 0.878835562549 0.6347 0.2105 0.7143
1105 0.8802 30999 6312 0.926182237601 0.6592 0.4545 0.3333
1010 0.5818 24400 5794 0.779899135447 0.4957 0.2222 0.1111
980 0.5067 20316 5046 0.762032085561 0.4909 0.2667 0.3333
1077 0.7765 34250 6274 0.904392764858 0.6732 0.3846 0.3636
926 0.5766 23210 5792 0.710570469799 0.4795 0.2281 0.3478
1086 0.869 25580 5758 0.845688350983 0.5423 0.25 0.5
1145 0.6057 23900 6165 0.892205638474 0.9066 1 0.875
956 0.5882 23305 4361 0.765765765766 0.5 0.3529 0.2
1028 0.644 23500 5407 0.868613138686 0.5795 0.4286 0.2857
970 0.5045 14800 3262 0.811594202899 0.5085 0.3846 0.5
1030 0.6069 5614 6268 0.810067462377 0.4141 0.3878 0.3415
990 0.8917 4358 6488 0.845186781609 0.4677 0.3077 0.3214
954 0.5285 14090 4622 0.632653061224 0.625 0.3333 1
977 0.5862 23430 6443 0.768719806763 0.3409 0.1176 0.375
1145 0.9228 10107 9694 0.873106369115 0.6297 0.471 0.4897
1079 0.4472 23650 5684 0.802488335925 0.617 0 0.6
1014 0.537 23800 5498 0.78776290631 0.4343 0.4286 0
1014 0.866 22891 5217 0.797385620915 0.5158 0.3333 0.5
950 0.7223 22290 6156 0.849168646081 0.5914 0.1667 0.25
1020 0.9888 23964 5650 0.724907063197 0.367 0.2414 0.3333
1010 0.7898 5906 6987 0.805863708399 0.5067 0.2593 0.6296
988 0.4707 23170 5695 0.798525798526 0.5472 0.3333 0.5
1036 0.8968 23886 5689 0.823677581864 0.5488 0.3529 0.625
1015 0.4405 21200 3587 0.781002638522 0.4576 0.2857 0.375
1017 0.735 22730 4248 0.880636604775 0.5941 0.1111 1
1089 0.9576 6926 7568 0.798867497169 0.4773 0.3433 0.3944
990 0.4502 10620 4454 0.699300699301 0.3218 0 0
1110 0.6573 26076 5924 0.88141025641 0.6485 0.5 0.5
1116 0.9478 34890 7580 0.885641677255 0.6848 0.4167 0.4167
1113 0.3401 23170 7357 0.807799442897 0.5946 0.5417 0.6
1010 0.45 19640 5221 0.749128919861 0.3247 0.125 0.1667
985 0.6844 22196 5692 0.662626262626 0.4949 0.1667 0.4
1268 0.6857 36020 6951 0.929054054054 0.828 0.8333 0.7143
1019 0.7127 20000 5417 0.708276797829 0.4737 0.2432 0.2857
1009 0.6002 7536 6910 0.698525673615 0.4001 0.271 0.3478
1085 0.8219 32310 5999 0.878350515464 0.6471 0.5455 0.6667
860 0.3774 6276 6102 0.428334714167 0.1452 0.1849 0
1019 0.671 21200 5191 0.756578947368 0.4163 0.1176 0
1140 0.6861 10110 9614 0.832143546209 0.6341 0.435 0.5
976 0.5136 17418 4594 0.757575757576 0.3676 0.5714 1
1142 0.7112 9946 9373 0.778179498086 0.5435 0.4348 0.3158
923 0.7031 8673 3324 0.718644067797 0.266 0.0952 0
1032 0.5381 22150 5459 0.719318181818 0.5714 0.3478 0
1028 0.8449 7498 6527 0.655566767575 0.4135 0.1831 0.5385
1029 0.8217 7044 7145 0.788243884629 0.5376 0.4125 0.3333
1024 0.467 8376 6780 0.757102272727 0.39 0.304 0.2308
909 1 17750 5588 0.68058968059 0.33 0.2 0
952 0.8108 22425 7132 0.689213893967 0.4483 0.303 0.6
1033 0.8775 27345 6325 0.827272727273 0.6209 0 0.5
1213 0.9615 31560 8282 0.915942028986 0.7247 0.8 1
1007 0.7416 22000 4540 0.613259668508 0.3577 0.2 0
1009 0.9232 8722 6983 0.66394596116 0.4741 0.2164 0.3171
1131 0.6597 30740 7159 0.774336283186 0.6 0.5385 0.4444
863 0.4363 5950 5794 0.351401869159 0.125 0.3154 0.2
950 0.6074 5337 5298 0.649621212121 0.1674 0.0227 0.1111
1162 0.7623 7873 9190 0.888056680162 0.6998 0.603 0.6358
1030 0.8349 5606 6279 0.680525164114 0.3429 0.3 0.3846
968 0.7423 14120 5513 0.778864970646 0.4513 0.3529 0.25
1089 0.6744 7302 7055 0.815473543797 0.5071 0.4215 0.4074
1143 0.8707 36860 8612 0.833810888252 0.6014 0.4857 0.45
1030 0.6151 5701 6410 0.695116947066 0.3891 0.3117 0.6
1072 0.5036 6578 7448 0.746168582375 0.326 0.2573 0.25
1030 0.8694 6468 5785 0.754847645429 0.4486 0.2789 0.1
1050 0.7724 6318 6958 0.706995003569 0.43 0.3411 0.2
1007 0.84 6207 5898 0.66395494368 0.3901 0.3315 0.3462
1010 0.6615 10532 6138 0.860281195079 0.3818 0.1667 0
1030 0.448 5715 6335 0.751488095238 0.3836 0.2521 0.4643
1070 0.593 6192 7568 0.790959040959 0.4714 0.3273 0.3137
1341 0.2643 46930 10880 0.817796610169 0.7828 0.6538 0.7031
1048 0.5443 20560 8252 0.663859649123 0.5 0.4637 0.5385
1343 0.2604 45760 11329 0.962585034014 0.9281 0.8 0.8571
962 0.7989 15130 6539 0.749756572541 0.4865 0.0952 0.4
908 0.6293 7575 6429 0.764119601329 0.4382 0 0
1085 0.8106 10600 8755 0.888504523683 0.5527 0.3448 0.5926
1026 0.6536 11950 3639 0.925837320574 0.7778 0.5 1
1057 0.8584 33145 7900 0.887931034483 0.6062 1 0.5
960 0.7778 30990 5824 0.909657320872 0.5556 0.4167 0.5
1003 0.828 8920 8522 0.850015688735 0.3388 0.2381 0.1
895 0.7244 22770 6177 0.799116997792 0.4619 0.1818 0
940 0.7295 7838 9786 0.68430335097 0.4468 0.3137 0.25
886 0.5176 6971 7393 0.48697758934 0.4 0.3465 0.3571
1042 0.5903 22296 4275 0.872180451128 0.3636 0.4444 0
963 0.5945 7728 6570 0.792588164973 0.4926 0.436 0.4857
1030 0.8102 33280 7078 0.888704318937 0.6825 0.6471 1
1418 0.1813 45470 10922 0.939569536424 0.923 0.8737 0.9583
1194 0.58 43250 8346 0.947681331748 0.8578 0.7292 0.7619
1209 0.6315 10068 8985 0.862094670145 0.6662 0.6533 0.5714
1310 0.4699 9162 11628 0.915186721992 0.8578 0.7801 0.7767
1175 0.5803 40890 8764 0.908408408408 0.7441 0.625 0.7222
871 0.5502 6998 7299 0.459368703828 0.3636 0.3184 0.3333
893 0.5757 7218 7430 0.377313228239 0.3 0.3228 0.2667
1060 0.6741 34644 7121 0.913043478261 0.6667 0.5769 0.5333
1036 0.4964 32050 7064 0.779929577465 0.5672 0.4167 0.4
1145 0.5494 8128 6688 0.892060660125 0.7019 0.5349 0.4483
1221 0.7204 14864 6981 0.934456928839 0.8111 0.6977 0.6842
1078 0.6034 8342 6670 0.877104745244 0.6685 0.6038 0.7143
990 0.5959 27082 9724 0.84635193133 0.5968 0.5 0.3684
1168 0.6655 41120 7927 0.918918918919 0.7148 0.4 0.5
1105 0.7587 36960 7035 0.949511400651 0.7487 0.5714 0.8667
885 0.6779 30040 5700 0.731988472622 0.5808 0.375 0.2727
1434 0.1428 46574 11690 0.926701570681 0.9745 0.898 0.9455
895 0.8065 14866 5163 0.76 0.3684 0 0
964 0.576 29959 7754 0.782155272306 0.5968 0.5217 0.5
1006 0.6255 31500 7308 0.731009830206 0.3957 0.1071 0.1538
1234 0.4379 41110 12158 0.977186311787 0.8919 0.7568 0.8511
1375 0.3222 45622 13355 0.953187250996 0.9275 0.84 0.8785
1279 0.4561 44880 12360 0.946090335114 0.8547 0.8182 0.8091
1347 0.3704 45856 11328 0.928251121076 0.9045 0.8529 0.7778
991 0.786 8053 8315 0.821496512365 0.5873 0.4458 0.5385
931 0.6692 34715 8319 0.833460076046 0.4605 0.4412 0.5556
845 0.6835 33230 6102 0.684582743989 0.4543 0.3636 0.5455
954 0.5579 27922 5561 0.847744360902 0.9 0.8462 0.8333
1240 0.4798 35730 9204 0.950252951096 0.8264 0.8125 0.7794
1090 0.6049 34670 8155 0.897783251232 0.5962 0.5897 0.5714
1070 0.7165 28926 8415 0.959902794654 0.7232 0 0.7273
825 0.6273 27575 6994 0.677304964539 0.504 0.3902 0.1818
987 0.7211 8985 8371 0.84672021419 0.514 0.4074 0.4444
1040 0.5167 8080 7977 0.882519462137 0.5358 0.3529 0.3429
1156 0.4133 33230 7783 0.962025316456 0.7194 0.5 0.55
1501 0.0584 42292 17861 0.840101522843 0.9769 0.9692 0.9624
974 0.7614 30000 7409 0.883620689655 0.5478 0.4211 0.6087
1065 0.6749 32375 7838 0.859459459459 0.4903 0.3636 0.4167
1132 0.6397 12097 11296 0.840654347168 0.5572 0.4091 0.507
1209 0.6294 13443 11354 0.897801302932 0.7393 0.6047 0.5714
1015 0.7141 11966 10100 0.781684796357 0.4368 0.4034 0.4
1094 0.8921 28470 8066 0.970297029703 0.7394 0.5357 0.6667
1081 0.6982 10400 9403 0.850953206239 0.7411 0.5 0.6667
1503 0.0815 43498 15617 0.958181818182 0.9466 0.8041 0.8712
1051 0.7726 7127 7967 0.919191919192 0.6797 0 0.6667
880 0.6065 29377 6336 0.812852311161 0.3955 0.2889 0.3667
850 0.5953 28950 6185 0.744107744108 0.3835 0.2833 0.3611
940 0.8047 32370 5479 0.790519877676 0.487 0.1818 0.2667
1032 0.672 8525 8113 0.851239669421 0.5614 0.619 0.5714
1394 0.3231 41686 11581 0.909002904163 0.8437 0.6964 0.7702
928 0.7492 30132 6340 0.835010060362 0.7016 0.5 0.5294
760 0.6411 24930 5785 0.518518518519 0.2857 0.2609 0.5
954 0.7243 34380 7055 0.813267813268 0.5469 0.4571 0.5455
986 0.6929 8130 8765 0.828767123288 0.4639 0.4151 0.451
1149 0.4897 35380 8098 0.93137254902 0.7094 0.7 0.7727
1029 0.6992 32560 8240 0.797081623347 0.7143 0.6429 0.6154
1061 0.7213 11681 10405 0.815476190476 0.5057 0.439 0.2619
1133 0.7091 36160 8602 0.976804123711 0.8553 0.5 0.5
1014 0.825 31716 8494 0.843109869646 0.5481 0.359 0.5476
1428 0.1884 46598 11427 0.961873638344 0.9368 0.8353 0.9524
1399 0.2911 43554 12025 0.970760233918 0.9094 0.8438 0.9231
1109 0.5761 29200 8039 0.916317991632 0.6565 0.6364 0.3913
1077 0.8151 33020 9269 0.918382913806 0.6115 0.3125 0.44
995 0.7487 8694 8356 0.900994789199 0.605 0.4118 0.5128
996 0.7318 31880 6999 0.853598014888 0.5886 0.48 0.625
1016 0.6062 8157 8356 0.842170929507 0.5118 0.6316 0.4
1007 0.5628 30758 7453 0.807339449541 0.5568 0.5217 0.4545
1143 0.5639 36051 6969 0.922942206655 0.7432 0.3846 0.875
1100 0.6791 32660 7256 0.885981308411 0.6222 0.3333 0.4545
1070 0.3751 25470 4961 0.773399014778 0.6119 0.6712 0.6744
1090 0.7135 26460 5972 0.818064516129 0.6343 0.1905 0.3571
1183 0.6975 28250 7208 0.955680902498 0.7376 0.4706 0.6522
1029 0.6304 11220 8603 0.820329977629 0.6072 0.4752 0.5921
1010 0.486 35710 6882 0.807167235495 0.5796 0.4783 0.4706
1142 0.6147 35920 8667 0.813907284768 0.6285 0.2574 0.6333
1011 0.6398 9364 8853 0.708572190375 0.4558 0.2358 0.3429
1010 0.759 10466 7942 0.802724520686 0.4498 0.2256 0.3611
1198 0.6159 35600 7704 0.931558935361 0.6047 0.3684 0.2857
1084 0.6807 24168 5537 0.811131386861 0.4826 0 0.1818
1090 0.826 10716 7816 0.880742913001 0.7035 0.6009 0.6667
1204 0.7253 28720 7591 0.945295404814 0.7926 0.6667 0.6774
1240 0.6689 39450 7991 0.934426229508 0.8069 0.7059 0.5294
1050 0.9183 9960 6061 0.771823681936 0.435 0 0.3333
1145 0.4365 28948 7585 0.81717791411 0.6617 0.1471 0.75
1034 0.6125 16340 7554 0.769938650307 0.5194 0.1667 0.1429
780 0.9378 19850 6431 0.474137931034 0.3 0.2754 0.3333
990 0.6567 19920 4144 0.725978647687 0.4545 0.1429 0.3333
1352 0.3326 13142 10509 0.931207380666 0.9127 0.7828 0.8497
1158 0.6865 12862 10614 0.881690421609 0.8112 0.5637 0.6595
1206 0.7659 13728 9142 0.923116350589 0.6589 0.3462 0.8571
1125 0.6284 10614 8640 0.7616334283 0.5466 0.4308 0.4878
993 0.7809 9356 7606 0.639912440715 0.4054 0.2051 0.2857
1030 0.7313 9037 7442 0.752894736842 0.502 0.2 0.381
1029 0.6538 22130 6534 0.785304659498 0.5809 0.359 0.4545
1070 0.66 10613 8482 0.772695772696 0.4644 0.2033 0.2813
927 0.5148 23021 5258 0.729166666667 0.5036 0.3077 0.4
1008 0.6842 18454 5270 0.85401459854 0.5102 0 0
990 0.7865 8423 7489 0.738626485077 0.429 0.1097 0.2692
990 0.6765 21890 5676 0.812182741117 0.5048 0.3636 0.4545
1069 0.6505 23400 4953 0.792102206736 0.5728 0.45 0.5
930 0.5883 20480 4912 0.759493670886 0.4839 0 0
1050 0.7624 11094 9689 0.595677799607 0.4521 0.1112 0.25
1030 0.8285 10355 9016 0.813320436645 0.5638 0.4407 0.4717
1053 0.6086 33209 6868 0.849584278156 0.6558 0.4815 0.5625
990 0.6678 8124 7669 0.838659793814 0.5015 0.2857 0.3636
1070 0.7458 24080 4764 0.889589905363 0.5238 0.2 0.6667
1144 0.9485 31760 7577 0.945430637738 0.7224 0.5714 0.7692
1406 0.2095 46167 10669 0.964912280702 0.9363 0.9444 0.7931
1144 0.7998 32814 4889 0.954462659381 0.7479 0.8 0.5714
991 0.5239 19700 4358 0.84765625 0.5 0.45 0.6667
1224 0.6322 39120 7179 0.945914844649 0.8325 0.8125 0.5714
1106 0.6557 35108 6607 0.881415929204 0.6936 0.6087 0.5556
1350 0.3416 45388 9450 0.955156950673 0.8869 0.8696 0.8571
1030 0.6555 7557 8155 0.887323943662 0.5037 0.3763 0.4
1270 0.4442 13555 10892 0.907948508378 0.7832 0.5747 0.7109
1004 0.6916 11448 6497 0.841538461538 0.5 0.1111 0.1667
1073 0.5895 32750 6334 0.862903225806 0.5575 0.75 1
1109 0.7822 12815 7487 0.924632862289 0.5957 0.4516 0.4444
1168 0.5764 12584 6597 0.874354561102 0.6619 0.8333 0.5556
1049 0.8911 7816 7781 0.867412140575 0.4786 0.0833 0.3333
1044 0.9521 19996 7177 0.87986463621 0.4497 0.5 0.7143
1126 0.6915 28020 6078 0.938193343899 0.6987 0.5455 0.875
930 0.5873 15300 4095 0.860215053763 0.6154 0.3333 0
1157 0.7554 37926 8036 0.979166666667 0.8402 0.8 0.5
1010 0.8691 7514 8224 0.86092014807 0.4868 0.3733 0.3333
1155 0.7516 37162 7899 0.963286713287 0.8034 0.6667 1
1068 0.7485 29315 6585 0.875878220141 0.5631 0.4375 0.4286
1290 0.5919 40700 8527 0.96032672112 0.8758 0.9167 0.9
983 0.55 22430 4584 0.883561643836 0.5645 0 0.2857
1085 0.7265 31612 6904 0.881194840462 0.6998 0.5556 0.4444
1165 0.8617 35308 9892 0.929798723613 0.7561 0.7027 0.6981
1051 0.6089 34744 6737 0.853551912568 0.6295 0.2381 0.35
1010 0.6546 8074 8030 0.839774557166 0.4762 0.15 0.3077
1070 0.6075 8730 7570 0.918672739102 0.5653 0.5 0.4615
851 0.8291 6108 6431 0.362204724409 0 0.3499 0.5
1033 0.4842 19970 4327 0.663201663202 0.4589 0.3333 0.6667
1007 0.5573 9470 4550 0.703296703297 0.5192 0 1
950 0.8941 6562 5908 0.607191316147 0.4552 0.2205 0.5
910 0.6464 6348 6761 0.424418604651 0.2222 0.3879 0.25
1159 0.4745 32520 6984 0.861963190184 0.6478 0.4444 0.6667
1100 0.5936 6760 8409 0.795076201641 0.5954 0.4844 0.7188
995 0.4349 5640 5914 0.650241545894 0.4309 0.2772 1
825 0.2272 5916 5621 0.303536977492 0.0667 0.2622 0.3333
1098 0.673 14868 7079 0.74258857556 0.5945 0.3766 0.2857
1106 0.6482 6772 7852 0.810258738084 0.6564 0.4345 0.5588
1082 0.6631 6744 7109 0.709458340235 0.5063 0.3711 0.3125
1105 0.4877 10800 5888 0.697092084006 0.6167 0.5652 0.5
1028 0.6108 24950 6747 0.777777777778 0.5104 0.5 0.4444
1006 0.6506 21320 5697 0.801696712619 0.443 0.3636 0.3333
990 0.8083 7265 6867 0.790558871405 0.5772 0.4375 0.3158
1021 0.7063 18800 6393 0.772511848341 0.6014 0.25 0.625
972 0.5926 23300 5609 0.774553571429 0.4713 0.2609 0.3333
1146 0.8095 22295 7024 0.634192037471 0.5907 0.2 0.6429
1046 0.6425 20040 6433 0.870781099325 0.5739 0.1429 0.4706
1070 0.6524 22684 6008 0.736923076923 0.4685 0.2368 0
1029 0.6814 18770 5168 0.879661016949 0.6964 0.4 0.6667
1073 0.643 33712 6008 0.791780821918 0.5781 0 0.6667
1045 0.6629 15150 6787 0.794252522164 0.4904 0.2653 0.6316
1142 0.7611 25002 7411 0.844477836213 0.6926 0.25 0.75
1021 0.6774 6320 4976 0.783333333333 0.1765 0 0
1001 0.6095 21790 5248 0.751946607341 0.449 0.2 0.3333
990 0.9728 5376 6592 0.706362854686 0.3796 0.2903 0.4
920 0.2218 18300 4635 0.662958843159 0.2824 0.14 0.2857
1165 0.7861 9415 8788 0.882590464358 0.7183 0.5429 0.6939
1105 0.33 9456 8305 0.771786492375 0.5465 0.3182 0.5294
1263 0.8215 9510 9931 0.921693735499 0.6316 0.5789 0.7391
1090 0.7419 9474 8195 0.775217391304 0.4926 0.3158 0.6
1243 0.7219 7368 7038 0.932090545939 0.7417 0.55 0.7931
1050 0.7241 6390 6501 0.820195994887 0.5253 0.321 0.3636
1164 0.7543 31290 6863 0.870619946092 0.7315 0.3846 0.7143
1237 0.6443 36726 10028 0.885360185902 0.7212 0.5055 0.6812
1062 0.9022 20040 5605 0.7864 0.5412 0.0588 0.1429
1047 0.6756 27954 5017 0.815450643777 0.6099 0.56 0.5
1049 0.8546 6863 6747 0.765184539378 0.521 0.275 0.6667
1090 0.851 6908 7135 0.828608041006 0.5441 0.4423 0.4821
1474 0.1555 44841 13286 0.949626865672 0.9459 0.9398 0.925
1107 0.5806 23760 8068 0.821685508736 0.6 0.4878 0.7333
1090 0.719 21680 5781 0.828908554572 0.6805 0.3333 0.6667
1146 0.5778 31000 6077 0.918533604888 0.6206 0.2667 0.7143
1047 0.7514 20650 5301 0.802631578947 0.5986 0.1667 0.4
1112 0.53 27914 6312 0.952561669829 0.6833 0.75 0.5
1115 0.8449 6752 8068 0.885014836795 0.5108 0.375 0.3514
1090 0.9423 6045 9948 0.781624251497 0.4843 0.3636 0.3684
925 1 5480 5164 0.793493635078 0.4118 0 0.3333
1024 0.6683 23718 5787 0.906318082789 0.4143 0 0.3333
1091 0.7152 24750 6086 0.910931174089 0.6569 0.1667 0.2
1214 0.7665 34330 9081 0.93042867182 0.7649 0.6429 0.6739
1077 0.7173 26180 5902 0.897755610973 0.6373 0.375 0.4
995 0.5846 18256 5045 0.886255924171 0.5429 0.3333 0.3333
1083 0.7364 25520 6292 0.899441340782 0.5855 0.5 0.5833
1049 0.8486 6542 7013 0.892437764209 0.5638 0.0714 0.32
970 0.6832 27146 5733 0.834600760456 0.5549 0.0714 0.4167
1070 0.7078 6550 7860 0.857555341675 0.4457 0.2178 0.4143
1109 0.7689 27242 6285 0.929214929215 0.6908 0.5 0.6
1147 0.6404 8060 10085 0.908434170128 0.6763 0.5299 0.6135
1070 0.5701 26934 5984 0.778584392015 0.4821 0.2778 0.4118
1050 0.5229 20470 5335 0.901408450704 0.3833 0.3333 0.3333
924 0.489 15600 4936 0.802575107296 0.4615 0.3333 0.1667
1003 0.8512 6690 9986 0.751832460733 0.4192 0.3443 0.3759
1081 0.8396 6610 9233 0.840762041697 0.5187 0.425 0.4703
962 0.5992 15630 5077 0.848635235732 0.5038 0.4615 1
1446 0.0978 46752 13143 0.962063732929 0.9557 0.8941 0.8824
975 0.8472 31000 5299 0.884455527847 0.4527 0.4167 0.5385
965 0.7866 28884 6991 0.832920792079 0.5634 0.8333 0.4167
1100 0.7784 16496 11061 0.940462427746 0.8115 0.6944 0.8361
975 0.8185 12776 8750 0.917740336967 0.6413 0.3333 0.3077
965 0.7748 12610 8065 0.88322612568 0.566 0 0.4615
932 0.8928 28055 6599 0.886456908345 0.5843 0.25 0.6667
1145 0.7365 35204 8086 0.953692115144 0.7495 0.8 0.6429
835 0.5464 25880 7807 0.617252931323 0.5106 0.338 0.3371
949 0.6408 29000 7944 0.777929155313 0.5811 0.3429 0.4314
956 0.9094 30540 6656 0.861396303901 0.5931 0.5263 0.4091
1109 0.7743 44068 8538 0.930097087379 0.6617 0.8065 0.6792
985 0.7341 34882 8296 0.858352578907 0.5725 0.4146 0.3611
877 0.8819 29990 6612 0.789473684211 0.6226 0.2571 0.3875
1020 0.7774 37348 8250 0.858352578907 0.5618 0.4103 0.4483
900 0.779 29606 8029 0.877461706783 0.5496 0.4898 0.4091
1120 0.5923 12380 9370 0.869053981828 0.7217 0.4286 0.6912
917 0.4129 10653 9101 0.793608521971 0.3566 0.2381 0.2959
905 0.8037 10918 9226 0.762645011601 0.5272 0.3431 0.4765
1063 0.7791 31018 8286 0.888059701493 0.6268 0.5789 0.5455
970 0.6532 11318 9661 0.889168765743 0.6499 0.6133 0.5762
1142 0.6547 15218 11262 0.873259052925 0.5767 0.3333 0.5581
1495 0.0741 40170 15711 0.931428571429 0.9882 0.9697 0.9322
1096 0.5526 13388 9521 0.903436988543 0.7507 0.5873 0.5467
1038 0.7187 35270 10318 0.888725490196 0.7 0.4713 0.5156
1035 0.5859 13348 10679 0.87840599455 0.6154 0.3462 0.4889
1210 0.5951 13499 10967 0.87840599455 0.8079 0.7284 0.7485
1059 0.5401 12998 12617 0.87840599455 0.6912 0.7 0.5663
913 0.5408 32284 8274 0.763561924258 0.5686 0.4964 0.5287
1121 0.7916 35820 9282 0.892008639309 0.6823 0.5094 0.5944
855 0.4836 31095 7174 0.795918367347 0.8298 0.4468 0.4
1305 0.3816 44490 9474 0.953206239168 0.814 0.7273 0.6977
1068 0.6211 12322 9242 0.890513320338 0.677 0.4328 0.6441
1235 0.4311 14730 9518 0.961120640366 0.8838 0.6277 0.7563
1010 0.6811 11918 10225 0.813118461973 0.5484 0.4115 0.4367
932 0.6321 4558 5960 0.584106728538 0.3564 0.1463 0.2337
1200 0.4136 5714 6908 0.867768595041 0.4395 0 0.4265
1038 0.6458 6846 8938 0.702542372881 0.5246 0.439 0.4563
982 0.852 6220 7954 0.615059337062 0.485 0.253 0.4064
998 0.9975 30136 6682 0.771573604061 0.2642 0 0.2857
989 0.7706 20450 9139 0.656593406593 0.3077 0.2162 0.3731
1098 0.6814 30800 11315 0.873628993801 0.675 0.4625 0.5106
1106 0.698 25430 6408 0.872890888639 0.6667 0.55 0.4211
1340 0.2053 44790 11888 0.975056689342 0.8944 0.7778 0.9153
1101 0.7251 33332 7530 0.870014771049 0.6986 0.55 0.4595
1187 0.6403 40540 10138 0.968809073724 0.7371 0.75 0.6538
1370 0.2638 46380 10985 0.950520833333 0.9257 0.8065 0.9016
1471 0.0742 49138 15706 0.899671052632 0.9506 0.8667 0.897
912 0.6701 28095 5362 0.802197802198 0.5294 0.1765 0.2273
1358 0.0774 41400 11865 0.861788617886 0.7778 0.8571 0.84
1422 0.1556 45358 13820 0.962406015038 0.9545 0.8494 0.886
1225 0.2483 6210 8651 0.864910790144 0.6402 0.5607 0.5837
1100 0.3198 6184 7529 0.783825816485 0.5687 0.5059 0.3722
1000 0.9975 6158 7198 0.700980392157 0.3204 0.1164 0.2335
1110 0.341 6089 8257 0.744949494949 0.4259 0.453 0.3884
1160 0.2972 6129 7895 0.820599886814 0.5064 0.5285 0.4543
950 0.3405 6059 7339 0.718436344427 0.3623 0.3327 0.3072
1020 0.2328 6108 7271 0.734283862605 0.4237 0.3491 0.3789
838 0.9141 6032 7215 0.58064516129 0.3333 0.0925 0.0533
937 0.768 6069 6700 0.641445126108 0.1565 0.1115 0.1413
1100 0.3702 6207 7624 0.821501014199 0.6057 0.5 0.5034
905 0.351 6096 7001 0.669407894737 0.283 0.2692 0.2167
1047 0.7908 22850 6071 0.794871794872 0.4967 0.1818 0.2778
899 0.7189 24790 7601 0.77427184466 0.3506 0.3061 0.2593
1060 0.7978 38150 4676 0.886877828054 0.6602 0 0.5833
894 0.5509 20770 4824 0.734527687296 0.4603 0.2581 0.5714
1258 0.4713 43902 12679 0.889608054657 0.8352 0.7215 0.8
1384 0.2719 46080 11159 0.968571428571 0.9586 0.8667 0.8519
1126 0.8424 38930 8002 0.88767550702 0.6034 0.28 0.2727
1165 0.5871 37400 12848 0.849331352155 0.6552 0.5161 0.5943
1113 0.9108 27728 4007 0.931746031746 0.749 1 0.6667
1009 0.9212 32770 9082 0.881569207994 0.6613 0.4 0.5636
907 0.7502 23645 6582 0.836115326252 0.4709 0.4118 0.434
1080 0.619 30460 8776 0.877805486284 0.7516 0.6667 0.5758
921 0.869 34120 9917 0.743295019157 0.4699 0.2083 0.1955
974 0.8067 34070 10748 0.743295019157 0.4595 0.2097 0.2966
1090 0.6617 35725 9042 0.939339875112 0.7496 0.6667 0.7286
1075 0.7674 35370 7862 0.866847826087 0.559 0.5714 0.5781
874 0.1603 11130 5891 0.748752079867 0.2581 0.1429 0.3333
1053 0.7463 26640 8312 0.799468791501 0.4714 0.3077 0.3208
865 0.5429 23812 5457 0.78206364513 0.539 0.2051 0.3846
1054 0.7267 25710 8716 0.872120730739 0.6992 0.4595 0.551
1006 0.86 26250 8458 0.868347338936 0.5277 0.3333 0.5556
919 0.731 30290 8049 0.845188284519 0.5526 0.4565 0.4692
986 0.5695 31260 8030 0.518132141083 0.28 0.2448 0.2712
1131 0.6659 40426 9716 0.852703277991 0.5769 0.3784 0.642
1352 0.2605 44848 13434 0.911313437869 0.8258 0.7736 0.7951
1038 0.6633 28200 8135 0.870302137067 0.8908 0.9 0.6
1039 0.7407 30780 11418 0.79984691925 0.5144 0.3 0.3429
970 0.4675 26540 6015 0.889534883721 0.8333 0 0
915 0.9671 23250 6525 0.676996424315 0.6061 0.2472 0.4167
1043 0.7683 38069 11627 0.860900900901 0.5661 0.4109 0.445
986 0.7474 25261 5447 0.836826347305 0.4049 0.625 0.1667
1303 0.7523 41328 10047 0.911313437869 0.5294 0.6111 0.3778
928 0.5859 12640 4587 0.727272727273 0.5333 0 0
1140 0.5572 43126 9254 0.850490196078 0.6437 0.6364 0.6829
1366 0.412 46269 12145 0.962772050401 0.8619 0.8043 0.7308
1046 0.726 27364 6293 0.850847457627 0.6197 0.3846 0.5714
1232 0.6016 34424 9621 0.901061667043 0.6544 0.5118 0.5417
1353 0.3568 45372 12762 0.925018559762 0.874 0.76 0.8085
1075 0.7999 29589 6445 0.875 0.6812 0.5938 0.5556
940 0.6433 20700 8739 0.73381294964 0.6176 0.3431 0.4458
931 0.8224 26340 8773 0.864027538726 0.5242 0.5333 0.5079
1122 0.6805 31368 8320 0.948421862972 0.8234 0.6875 0.65
1247 0.3505 45874 9067 0.941422594142 0.8723 0.88 0.9048
1054 0.7538 21878 8720 0.851490236382 0.7291 0.7 0.6957
1095 0.6277 28430 8342 0.901287553648 0.7228 0.7727 0.619
1093 0.5316 37260 11777 0.807670071305 0.6018 0.5275 0.5012
1090 0.5494 7294 5797 0.807692307692 0.4887 0.2644 0.4516
975 0.7309 7149 6477 0.766015200869 0.355 0.2083 0.3036
969 0.5264 7125 7951 0.857230769231 0.4597 0.3226 0.4757
930 0.5898 7412 5781 0.673745173745 0.3059 0.117 0.2167
1102 0.5545 8040 9423 0.874203224597 0.6532 0.6798 0.6404
1297 0.4287 8144 9059 0.922461538462 0.8363 0.7593 0.6868
1158 0.5652 8211 10026 0.880671726142 0.7233 0.6354 0.5806
1253 0.3948 7995 10346 0.882833787466 0.6149 0.6704 0.5893
1155 0.5052 7033 8282 0.932343234323 0.708 0.6667 0.7273
1053 0.4754 7090 8487 0.861629048086 0.4818 0.6129 0.1875
1069 0.4774 7222 7181 0.861674008811 0.6721 0.5094 0.6667
975 0.4853 7022 7444 0.787988886514 0.5102 0.434 0.5098
1058 0.4683 7327 6517 0.908794788274 0.7004 0.6279 0.5972
1056 0.5154 7400 6817 0.883036084612 0.6685 0.4915 0.439
1274 0.4566 7430 7177 0.93831352575 0.8211 0.5833 0.675
1129 0.4359 7083 6719 0.884112149533 0.692 0.6739 0.6606
1097 0.5073 7230 6242 0.900646203554 0.7184 0.6429 0.6806
1110 0.4863 7181 6733 0.870031012123 0.6019 0.4211 0.443
1082 0.3319 7573 7092 0.876171352075 0.5914 0.569 0.5802
998 0.5804 6624 8055 0.687000726216 0.2529 0.4061 0.4314
1026 0.4564 7179 6830 0.864393016646 0.6145 0.5849 0.5532
1056 0.6396 7109 6536 0.863445378151 0.5175 0.2778 0.4667
1158 0.4949 40458 10822 0.925550772347 0.832 0.7593 0.7466
1313 0.3728 46785 10454 0.969387755102 0.8838 0.8696 0.8182
946 0.8542 33320 7905 0.783166904422 0.5665 0.35 0.5714
1394 0.2411 47890 11065 0.978723404255 0.94 0.8696 0.9091
1020 0.7489 32270 4887 0.873205741627 0.6094 0.68 0.6522
1154 0.6988 39220 7949 0.933333333333 0.6612 0.5 0.5429
1075 0.5967 35900 6983 0.855855855856 0.6106 0.3333 0.4286
1156 0.6323 6462 7657 0.910908630726 0.6932 0.529 0.7963
939 0.4177 25396 5838 0.803328290469 0.5205 0.3793 0.4444
977 0.6759 18500 4524 0.65943877551 0.4236 0.4375 0.25
950 0.4489 25200 5054 0.824242424242 0.4101 0.5 0.5
998 0.3107 11330 6672 0.910714285714 0.7188 1 0
1030 0.6983 26240 7536 0.860972568579 0.5331 0.3451 0.4545
985 0.4058 26820 6342 0.822335025381 0.5468 0.413 0.5
777 0.6154 22510 6164 0.567901234568 0.2891 0.2171 0.3333
1444 0.1342 45376 14288 0.973534971645 0.9473 0.915 0.9278
1050 0.6217 6143 7975 0.85212952624 0.569 0.5342 0.5529
849 0.5715 4429 7545 0.365092748735 0.3878 0.4245 0.25
1200 0.5398 30149 8485 0.964351005484 0.8218 0.8636 0.6857
851 0.5496 4605 8064 0.462868369352 0.1538 0.3367 0.4091
1018 0.4817 25830 6413 0.785365853659 0.5772 0.5294 0.5714
891 0.7831 26306 6025 0.790769230769 0.3377 0.25 0.2222
1067 0.6818 32470 6361 0.757002271007 0.592 0.4359 0.5833
1087 0.6418 30715 6894 0.765598650927 0.6424 0.5091 0.4091
976 0.6806 29310 6600 0.802631578947 0.5 0.375 0.75
723 0.7122 16024 5557 0.174220963173 0 0.2129 0
941 0.6447 25636 5017 0.723252496434 0.4211 0.2319 0.6667
1040 0.6232 30562 6925 0.868360277136 0.6336 0.5952 0.5385
961 0.6122 27830 6726 0.725025746653 0.458 0.2143 0.3182
950 0.5429 23520 5125 0.780569514238 0.4359 0.3721 0.5
915 0.4979 17300 6231 0.772012578616 0.3243 0.4348 0.3846
902 0.6964 5422 8227 0.490979381443 0.3529 0.4375 0.4722
1190 0.6403 6241 7371 0.834791059281 0.6037 0.5909 0.3529
1313 0.2759 8340 11392 0.943284620738 0.9087 0.8601 0.8873
1066 0.6852 6107 8337 0.858078951574 0.5424 0.5314 0.4715
1029 0.6002 6382 7926 0.821796456531 0.5692 0.5632 0.4198
859 0.5033 5526 7653 0.413124787487 0.4615 0.3975 0.2857
1105 0.4521 8271 6953 0.824175824176 0.604 0.5714 0.5
1229 0.5001 8206 9774 0.914758514528 0.7492 0.6759 0.6825
863 0.4676 26632 5438 0.557432432432 0.3457 0.3545 0.0833
1154 0.5419 6343 7872 0.855513307985 0.7175 0.6914 0.6197
910 0.9086 23900 4217 0.768421052632 0.3228 0.5455 0.6667
926 0.7204 5144 6516 0.658615136876 0.3429 0.2905 0.2391
954 0.9609 24150 5808 0.829268292683 0.487 0.3077 0.5
878 0.4884 12455 3006 0.85401459854 0.3889 0 0.6667
1058 0.7686 29800 4064 0.830102622577 0.5594 0.3667 0.4615
749 0.6738 17890 5105 0.385775862069 0.5 0.2868 0.5
1110 0.582 24566 5969 0.826086956522 0.65 0.5556 0.25
964 0.6448 23332 5181 0.6735218509 0.4712 0.3333 0.1667
1136 0.696 29540 5066 0.904761904762 0.4879 0.75 1
1013 0.793 25040 7232 0.866666666667 0.5503 0.4182 0.6364
889 0.5565 5468 7643 0.566076574722 0.4118 0.459 0.3846
1034 0.3766 6265 7493 0.82023721275 0.5222 0.4051 0.2727
965 0.4868 5846 6315 0.902874132805 0.4 0.3333 0.1667
1046 0.8307 14730 6158 0.900900900901 0.5397 0.1538 0.8
1004 0.5662 6086 6338 0.842446043165 0.3833 0.5 0
1090 0.737 7508 8361 0.916874687968 0.5613 0.4286 0.4
1091 0.841 7660 8163 0.934411500449 0.5403 0.3333 0.4706
967 0.829 6516 5793 0.875 0.4481 0.625 0.375
1016 0.9649 10054 9209 0.659897979203 0.461 0.1741 0.3958
1043 0.7438 29836 6922 0.887463556851 0.6129 0.1316 0.375
1096 0.6396 27840 7418 0.893949694086 0.746 0.5435 0.6111
1027 0.5308 28504 5189 0.867857142857 0.6188 0.4 0
1009 0.7247 10726 7669 0.765757162347 0.5634 0.4275 0.46
1102 0.7604 31990 8743 0.879789631856 0.6019 0.3409 0.5714
1377 0.4188 41800 10272 0.959201388889 0.8193 0.7419 0.7714
1195 0.7401 26420 6831 0.961290322581 0.7248 0.8333 0.7692
825 0.3328 6058 6423 0.203649635036 1 0.2477 0.4286
989 0.6398 15266 5323 0.804255319149 0.3925 0.5 0
1141 0.7325 10784 9079 0.754949879877 0.6133 0.3528 0.5741
939 0.9711 17720 1476 0.6 0.322 0.2667 0
1060 0.6825 36509 5439 0.89219330855 0.6324 0.2857 0.8333
1030 0.6287 9499 8624 0.692537909018 0.4036 0.1388 0.2698
1035 0.8551 30390 6470 0.739457831325 0.6113 0.3077 0.5455
1181 0.5297 35800 8494 0.965924579736 0.7863 0.5972 0.6
964 0.716 28690 5811 0.784786641929 0.4845 0.2273 0.25
1285 0.4597 43910 8414 0.948598130841 0.8063 0.8148 0.8462
1083 0.6832 29798 7043 0.868400315209 0.5888 0.2941 0.5
1030 0.5736 30290 5420 0.812834224599 0.7031 0.6053 0.7273
1112 0.8334 34480 8098 0.895176252319 0.8307 0.6053 0.963
1048 0.8302 9816 8299 0.69039222742 0.534 0.3652 0.5135
1328 0.3838 45640 8924 0.962199312715 0.8852 0.75 0.9375
983 0.5561 27368 6327 0.810945273632 0.5052 0.1667 0.3333
1046 0.7179 25678 6277 0.863121185702 0.5918 0.5833 0.6667
1105 0.6387 31940 6565 0.89001447178 0.5761 0.375 0.6
1240 0.6676 13800 8478 0.746271103098 0.8147 0.7083 0.8116
1050 0.712 27380 6839 0.867584745763 0.6454 0.3143 0.5385
1071 0.6349 23690 6099 0.859618717504 0.6138 0.2 0.8
989 0.8755 25800 6401 0.761904761905 0.6122 0.1765 0.75
983 0.7596 23662 7269 0.833540372671 0.4885 0.2917 0.3333
943 0.9024 26344 4881 0.751086956522 0.4474 0.3077 0.4
1354 0.3041 46870 9872 0.958588957055 0.8895 0.8 0.8974
1028 0.494 28932 6712 0.764829030007 0.4267 0.3284 0.2
1153 0.6785 36720 8551 0.940428911835 0.7356 0.4211 0.7778
1289 0.5553 10037 11284 0.834755422393 0.8457 0.7268 0.7797
1104 0.7295 10446 8294 0.700344952796 0.6746 0.5598 0.6125
1123 0.7533 40510 8057 0.931092436975 0.622 0.6296 0.4545
1087 0.7374 31424 7287 0.862614487927 0.6085 0.4667 0.6667
1163 0.7607 23160 7306 0.93470790378 0.75 0 0.68
969 0.3856 20700 6822 0.512528473804 0.4925 0.4167 0.4
1031 0.9073 9275 8426 0.672507248204 0.5125 0.195 0.3805
1018 0.5782 26720 5748 0.767521367521 0.5542 0.3529 0
1047 0.7713 25840 5876 0.854625550661 0.5678 0.5 0.4444
1006 0.4603 28190 5915 0.858353510896 0.423 0.2286 0.5
1119 0.8932 38030 7093 0.896593673966 0.6587 0.2609 0.375
1231 0.5633 41680 8007 0.9125 0.7747 0.5263 0.8333
1132 0.6997 33000 8089 0.885196374622 0.7975 0.557 0.6842
836 0.7182 14050 4754 0.444444444444 0.0469 0.0517 0.0625
981 0.4934 22252 5309 0.813988095238 0.5955 0.5 0.3333
1030 0.8398 5437 6382 0.761852502195 0.3889 0.2585 0.3614
969 0.9814 5241 5225 0.664686468647 0.342 0.4545 0.3889
899 0.4331 11600 2709 0.646017699115 0.5965 0.1667 0
970 0.7337 4992 5721 0.654355793628 0.3048 0.2069 0.3636
930 0.598 5642 5246 0.726507713885 0.3346 0 0.2778
1124 0.6321 18800 6581 0.875984251969 0.5128 0.3333 0.5
890 0.4767 6739 4967 0.663793103448 0.2847 0.1786 0.1538
1138 0.7602 7442 8254 0.855821545158 0.6208 0.3893 0.5976
1098 0.5646 21842 6090 0.847315436242 0.5918 0.2857 0.3333
1163 0.7198 29426 7055 0.838926174497 0.6032 0.6538 0.6286
1176 0.8044 8916 9273 0.878166078871 0.6742 0.5899 0.5815
1037 0.4354 22508 6551 0.777429467085 0.5564 0.4176 0.6111
950 0.5445 5349 5534 0.681517158338 0.225 0 0.3235
990 0.6246 4866 5379 0.743529411765 0.3867 0 0.3333
950 0.7992 5315 6679 0.686755430974 0.3059 0.2778 0.2222
963 0.884 14220 4314 0.641025641026 0.5263 0.0769 0
990 0.9026 5460 6233 0.693867207299 0.3464 0.1429 0.2692
1279 0.4059 34835 9672 0.869080779944 0.6981 0.439 0.5357
993 0.5592 27492 7401 0.854368932039 0.5882 0.4444 0.5
935 0.67 7530 6057 0.763397947548 0.2545 0 0.3333
1070 0.7528 31120 6742 0.91683991684 0.645 0.5 0.5484
1279 0.6285 41928 9221 0.960600375235 0.7404 1 0.7037
1090 0.9219 36310 7064 0.926829268293 0.6903 0.2222 0.8065
974 0.7044 24930 5040 0.863157894737 0.4545 0 0.5
1025 0.7135 8548 6667 0.8934169279 0.4434 0 0.3636
1102 0.7894 8322 8692 0.887714181553 0.6274 0.4912 0.5283
1108 0.7417 9763 8828 0.853827846093 0.6833 0.6 0.6412
1102 0.8619 37024 7478 0.925076452599 0.6266 0.6667 0.4762
1045 0.6117 7878 8286 0.81563795486 0.4004 0.3729 0.3086
1195 0.668 38670 7678 0.96694214876 0.7762 0.5 0.5946
1371 0.4853 46010 10092 0.930747922438 0.8201 0.5385 0.7083
1020 0.7304 7438 7096 0.777896995708 0.3538 0.2778 0.3125
1067 0.3225 27431 5463 0.895424836601 0.5445 1 1
1198 0.5784 42305 9341 0.934595524957 0.7712 1 0.7333
950 0.882 8634 6100 0.811301192328 0.458 0.4118 0.4231
1033 0.6231 36660 6340 0.878427787934 0.5752 0.4681 0.3889
1182 0.6487 39100 8108 0.924822695035 0.8104 0.65 0.5625
1069 0.758 31250 6520 0.898734177215 0.7195 0.6 0.5263
976 0.7762 29060 6152 0.81826831589 0.541 0.2353 0
1016 0.8576 19710 5764 0.926900584795 0.5097 0 0.3333
1095 0.5969 36810 7962 0.860933211345 0.6076 0.4815 0.5714
990 0.8856 8582 8655 0.88127142412 0.6629 0.4028 0.4194
1334 0.3992 43900 9775 0.947368421053 0.8614 0.9048 0.9091
1306 0.2951 46902 10168 0.973544973545 0.9206 0.6667 0.875
896 0.7428 29000 7005 0.851690294438 0.4904 0.3143 0.2381
964 0.9269 9239 9416 0.823740016524 0.5666 0.3529 0.3333
946 0.9522 25416 6870 0.810140237325 0.651 0.4167 0.6667
1432 0.2549 47642 11055 0.975060337892 0.9035 0.7534 0.8857
948 0.588 33000 7031 0.829431438127 0.6425 0.2 0.3158
960 0.5785 31170 6218 0.731241473397 0.4026 0.3235 0.2941
915 0.9348 9404 9448 0.807464892831 0.5449 0.2824 0.5
1005 0.6834 32890 7140 0.896694214876 0.582 0.3636 0.3
1285 0.4444 46094 8726 0.951361867704 0.8571 0.8636 0.7941
1197 0.815 37505 10246 0.903795565577 0.7159 0.4733 0.557
1122 0.7409 31385 8863 0.925925925926 0.7915 0.5814 0.6
946 0.7844 8991 9215 0.872852233677 0.5879 0.3731 0.4658
1041 0.6409 28090 6289 0.805878332194 0.5755 0.4805 0.5094
930 0.8735 8849 8925 0.774578866769 0.4597 0.2378 0.25
1117 0.6957 38200 8137 0.936721991701 0.787 0.6667 0.7333
1050 0.8042 27546 7326 0.846672283067 0.6857 0.375 0.5294
1070 0.6802 25220 6808 0.891553701773 0.6826 0.4545 0.5
1282 0.4163 45870 9257 0.960294117647 0.833 0.875 0.8235
944 0.6591 29450 7046 0.837728194726 0.6797 0.2941 1
933 0.7585 27100 6991 0.851428571429 0.5854 0.4667 0.3889
943 0.7964 30740 5130 0.823410696266 0.5068 0.3125 0.4545
973 0.9049 9080 9088 0.825832418588 0.5589 0.2896 0.5172
959 0.8179 8819 8599 0.877847794474 0.584 0.3121 0.4324
931 0.5565 24778 5789 0.870014771049 0.5311 0.3214 0
996 0.8021 38200 9266 0.874330248417 0.6952 0.4384 0.6024
1283 0.3414 44670 10996 0.965957446809 0.8756 0.8333 0.9643
1112 0.6686 35700 7793 0.951697127937 0.75 0.4545 0.4737
1322 0.3084 43520 12344 0.977253580455 0.8812 0.6154 0.7662
853 0.6133 9804 8170 0.398245614035 1 0.3914 0.3333
937 0.8777 8899 9142 0.843054972723 0.5005 0.2857 0.2727
1047 0.7162 33746 7080 0.901306240929 0.6344 0.7 0.8571
964 0.9229 9192 9064 0.825130283729 0.5152 0.2791 0.5
1050 0.713 30690 7887 0.84273318872 0.6778 1 0.4
1064 0.7536 30300 5387 0.783410138249 0.6167 0.4138 0.4762
1154 0.659 30470 7958 0.967684021544 0.7676 0.5 0.6364
1014 0.7186 8866 9485 0.886020151134 0.6727 0.3235 0.4643
1057 0.6489 28210 7112 0.871968962173 0.6939 1 0.7778
982 0.5632 34048 5557 0.816720257235 0.6027 0.5833 0.4
915 0.6876 20268 6238 0.834503510532 0.3821 0.2222 0.4
1246 0.4616 42755 8429 0.969936708861 0.8631 1 0.64
861 0.5531 24948 6649 0.785896346644 0.5872 0.3816 0.5714
1052 0.8408 14240 8612 0.864039519479 0.7067 0.5 0.4737
991 0.7379 13412 8030 0.864039519479 0.5474 0.4444 0.5
889 0.6943 13318 7240 0.864039519479 0.336 0 0
995 0.8199 13354 7668 0.864039519479 0.5097 0.4286 0.3333
941 0.8186 13486 7762 0.864039519479 0.4816 0.5 0.0833
1004 0.8548 13602 6504 0.864039519479 0.5402 0.5455 0.4286
990 0.8519 14240 7264 0.864039519479 0.6959 0.6447 0.4667
955 0.8731 13470 7453 0.864039519479 0.4737 0.1613 0.1818
988 0.8307 14240 7806 0.864039519479 0.5885 0.3824 0.4783
1027 0.7994 14240 9042 0.864039519479 0.5994 0.7073 0.5333
968 0.7905 13608 7519 0.864039519479 0.4534 0.2745 0.4615
951 0.8793 13354 7294 0.864039519479 0.5654 0 0.3333
940 0.8918 13412 7426 0.864039519479 0.4865 0.25 0
948 0.8634 13550 7721 0.864039519479 0.5612 0.4255 0.4651
1199 0.542 16992 9902 0.864039519479 0.8686 0.6679 0.7524
957 0.7983 13464 7391 0.864039519479 0.5176 0.2714 0.5
960 0.8271 13470 7251 0.864039519479 0.5458 0.4468 0.2
942 0.7774 13608 7591 0.864039519479 0.5157 0.3229 0.4912
850 0.811 13550 7728 0.864039519479 0.4262 0.4419 0.1429
984 0.845 13602 7670 0.864039519479 0.5405 0.2727 0.0769
1442 0.1224 45890 15460 0.961459403905 0.9648 0.9176 0.9149
1062 0.6408 33690 7818 0.914893617021 0.5959 0.5106 0.7436
1010 0.7539 36582 6980 0.846750727449 0.641 0.55 0.5484
1008 0.5131 22455 5653 0.890909090909 0.7211 0.4286 0.4
1165 0.5635 34742 8000 0.946043165468 0.7285 0.5455 0.6154
973 0.8532 13078 7007 0.899224806202 0.5019 0.6818 0
1017 0.9311 13128 6552 0.899224806202 0.5395 0.4 0.5
1021 0.9038 13130 6624 0.899224806202 0.5551 0.4 0.3333
1258 0.5613 17100 9533 0.899224806202 0.8193 0.6815 0.7778
997 0.7393 26170 7853 0.770682148041 0.5272 0.2857 0.4615
1041 0.8051 25114 9890 0.874684183931 0.5933 0.3571 0.5
927 0.5838 30950 5011 0.726384364821 0.4706 0.5294 0.2
1026 0.7606 29992 7194 0.897435897436 0.7584 0.2143 0.6
1110 0.7873 39040 7113 0.912080536913 0.803 0.6667 0.6977
1035 0.6875 30350 7116 0.932975871314 0.7147 0.5263 0.5714
1121 0.7503 38754 9400 0.935625457206 0.8224 0.2857 0.8182
1032 0.652 30300 6822 0.814606741573 0.6654 0.3529 0.2857
980 0.8341 9448 9483 0.879550867642 0.5666 0.3953 0.4722
1002 0.6698 9027 9336 0.88414460575 0.6431 0.4947 0.5517
1129 0.7233 38780 7970 0.952120383037 0.7681 0.55 0.4286
1121 0.6387 14096 9648 0.862263978838 0.6743 0.6131 0.6351
967 0.655 26802 6301 0.761834319527 0.3735 0.12 0.3333
1182 0.6633 44530 8769 0.947558770344 0.8249 0.625 0.4167
977 0.6585 19394 4733 0.785714285714 0.447 0.2727 0.0667
1316 0.489 44430 10425 0.967723984418 0.8959 0.9 0.9107
1015 0.7523 20540 6633 0.896551724138 0.5508 0.4286 0
1105 0.5156 8850 8909 0.908032596042 0.7118 0.5105 0.5246
1040 0.7336 32445 6470 0.939449541284 0.7674 0.7143 0
1025 0.6726 38028 7473 0.827122785583 0.5635 0.5263 0.4615
1060 0.7598 30350 8186 0.882145998241 0.6151 0.2083 0.2778
993 0.5267 29370 6535 0.871428571429 0.625 0 0
1045 0.7351 17010 8887 0.917313841937 0.5937 0.5625 0.25
1425 0.0918 45612 13381 0.96091954023 0.9607 0.931 0.9034
1137 0.7655 37234 12905 0.96042003231 0.8237 0.8276 0.8148
1158 0.5979 43245 9471 0.956594323873 0.8629 0.5357 0.8286
930 0.6915 7602 7607 0.841082317073 0.4494 0.2787 0.4074
1076 0.7871 12450 9144 0.869992972593 0.6264 0.4286 0.5232
1239 0.2731 42932 7949 0.952848722986 0.9304 0.6 0.8333
1109 0.6706 34950 7425 0.95145631068 0.6464 0.5 0.5294
1079 0.6502 22790 6409 0.830280830281 0.4409 0.225 0.3333
973 0.6887 22090 6087 0.809399477807 0.4021 0.3408 0.1875
1070 0.8241 13460 3834 0.963869463869 0.6245 0.3571 0.3846
916 0.937 22200 5258 0.650505050505 0.5111 0.1875 0.3333
1165 0.7031 10626 7747 0.843870470316 0.6643 0.541 0.3958
1080 0.8041 10838 8115 0.869272237197 0.7074 0.7073 0.5
1259 0.5787 13054 9907 0.936026023313 0.845 0.7059 0.7037
956 0.5326 24579 6032 0.758139534884 0.4179 0.4706 0.4286
1055 0.6258 18930 4559 0.885321100917 0.6892 0.625 0
1027 0.6499 26800 5435 0.727409638554 0.4494 0.3956 0.3333
1072 0.5201 29124 6284 0.853868194842 0.6239 0.7647 0.625
1010 0.6973 31580 5887 0.9375 0.5724 0.4 0.6667
938 0.5667 9386 7223 0.734816596512 0.389 0.4363 0.3333
1237 0.6397 43164 8957 0.969230769231 0.8455 0.7955 1
945 0.4216 10100 5675 0.783742331288 0.5429 0.4625 0.4
1010 0.5322 22080 4780 0.660845070423 0.3865 0.2813 0.6
938 0.5908 23800 5099 0.775280898876 0.4581 0.4359 0
1137 0.5791 14772 5568 0.851994851995 0.6898 0.5789 0.6
1121 0.66 33650 7217 0.951841359773 0.7107 0.4286 0.3333
973 0.5122 9308 6243 0.827321565618 0.4059 0.4474 0.625
932 0.7304 8972 6410 0.734693877551 0.2705 0.1563 0.5556
1200 0.606 10816 9514 0.90341182124 0.7366 0.6633 0.7273
993 0.7404 9760 7130 0.82303030303 0.4549 0.5025 0.425
851 0.5079 9776 6666 0.452402957486 0.4 0.3588 0
982 0.6422 10198 6139 0.805786761792 0.4105 0.402 0.2381
1030 0.7225 13670 7223 0.76092174748 0.5577 0.5662 0.5769
1105 0.6809 28630 6488 0.945147679325 0.6877 0.1111 0.25
1010 0.8297 7506 6855 0.839766081871 0.4818 0 0.5
1058 0.7023 22700 5452 0.791304347826 0.4651 0.6667 0
1050 0.7239 22892 5217 0.82905982906 0.5213 0 0.5
1030 0.9334 7563 6801 0.809419496166 0.5232 0 0.1667
1183 0.8608 10040 8892 0.912106135987 0.484 0 0.5
1050 0.919 7713 7451 0.90474080638 0.5799 0.4118 0.4091
1064 0.969 24550 6075 0.89400921659 0.4776 0 0.5
1090 0.8788 8022 7200 0.850104508809 0.5815 0.3125 0.2632
1009 0.8595 6876 6879 0.645609756098 0.3829 0.3313 0.4242
1125 0.463 12480 6442 0.834710743802 0.375 0.4286 1
1193 0.7987 27380 8450 0.931686046512 0.6898 0.6 0.619
930 0.5103 15714 3935 0.59763681592 0.3655 0.1833 0.6667
1053 0.3762 21150 4166 0.878938640133 0.629 0.4 0.3333
1064 0.6657 23696 5577 0.8 0.5515 0.1591 0.6667
1105 0.4745 28210 5988 0.774140752864 0.6051 0.5326 0.7
986 0.473 20200 5864 0.772727272727 0.3987 0.2333 0.5
1149 0.527 26094 7138 0.884946236559 0.6714 0.4194 0.4
1026 0.8649 7249 6711 0.726868985936 0.4266 0.2286 0.36
1098 0.9203 20468 6154 0.808988764045 0.5549 0.2273 0.3333
863 0.5836 13320 3271 0.57 0.0741 0.05 0
1039 0.6377 24960 4703 0.853494623656 0.5606 0.25 0.6
1094 0.9165 13750 5605 0.768827766863 0.5641 0.3571 0.3913
1054 0.6995 19490 2660 0.750961538462 0.5455 0.2 0.25
1068 0.7259 31132 6508 0.874031007752 0.5683 0.4828 0.3333
1030 0.3978 27500 5255 0.585034013605 0.4576 0.6 0
1031 0.6841 8312 8304 0.586424625099 0.4859 0.3462 0.4103
1011 0.6996 7546 7029 0.739414440686 0.4629 0.4411 0.4304
1096 0.683 27916 5717 0.885333333333 0.5298 0.5 0.6
1050 0.5816 26160 3697 0.784810126582 0.44 0.375 0.3333
1288 0.5764 39794 8035 0.947530864198 0.7955 0.7333 1
1248 0.6027 35756 8389 0.929166666667 0.7727 0.8333 0.8571
1050 0.3826 19790 5123 0.819235225956 0.6488 0.6038 0.35
1069 0.7757 7554 7477 0.763765541741 0.402 0.2644 0.3077
1199 0.7249 11194 9976 0.8454188705 0.6923 0.5504 0.5211
1050 0.7668 7507 6882 0.714640198511 0.4762 0.3927 0.5556
1071 0.9316 7063 7551 0.811641359364 0.5112 0.4151 0.4583
878 0.7843 12120 2985 0.581196581197 0.2329 0.0556 0.6667
1049 0.772 22330 6337 0.860284605433 0.5024 0.1765 0.3333
961 0.7225 22250 4906 0.742193755004 0.3252 0.339 0.25
1174 0.7412 26880 7369 0.84789311408 0.6568 0.3571 0.75
1475 0.1274 42978 12871 0.950101832994 0.9394 0.8837 0.93
1087 0.4894 28350 5508 0.84783931832 0.6076 0.2676 0.4865
965 0.8049 6559 6867 0.725099601594 0.3348 0.1905 0.2467
1181 0.5861 33830 7605 0.902676399027 0.7039 0.4615 0.7143
1215 0.5747 35972 8793 0.873540301908 0.7739 0.6105 0.6547
1035 0.4685 25880 6269 0.803305785124 0.48 0.125 0.1111
960 0.9258 7172 7505 0.740458015267 0.3923 0.3864 0.4052
1078 0.423 22350 7607 0.78622327791 0.5689 0.4667 0.35
930 0.5516 14688 4459 0.745192307692 0.3548 0 0
1216 0.9011 33110 7217 0.893905191874 0.702 0.5 0.5938
957 0.7362 22590 6153 0.76970633694 0.3822 0.1774 0.1538
987 0.6818 6583 7743 0.657823913879 0.4973 0.3406 0.4348
1035 0.3759 23460 6653 0.831389183457 0.5144 0.5 0.4255
1075 0.7318 27930 6504 0.684523809524 0.5064 0.3258 0.4255
894 0.9509 5238 7279 0.66380709483 0.137 0.117 0.148
1136 0.5841 8401 10569 0.788099851818 0.4677 0.3549 0.4109
953 0.5382 23200 5553 0.729032258065 0.4906 0.1053 0.2813
780 0.4589 13494 5676 0.397236614853 0 0.2878 0.2759
967 0.9307 24790 7616 0.746872393661 0.5068 0.2449 0.3982
974 0.7682 7429 7689 0.610466845079 0.4248 0.2155 0.4804
892 0.4785 5818 7689 0.737454100367 0.15 0.4286 0.4304
1175 0.4066 25740 7287 0.825286212046 0.5513 0.3333 0.45
1010 0.9489 18740 5878 0.805399325084 0.4603 0.1429 0.2553
1069 0.8468 25200 7197 0.815063385533 0.5162 0.2879 0.4219
982 0.5924 24296 5688 0.734717416378 0.4407 0.2692 0.3636
993 0.7178 7665 7118 0.799801783944 0.4686 0.3298 0.4118
1100 0.5969 8745 9746 0.783552930486 0.5094 0.4702 0.47
924 0.2578 22130 6060 0.785304659498 0.3966 0.1875 0.2
882 0.6561 23938 7587 0.658747300216 0.3462 0.4 0.3395
937 0.6217 5173 7552 0.7263253285 0.3108 0.2857 0.3804
845 0.4232 6764 7307 0.42835865356 0.2222 0.365 0.3768
1454 0.1674 38941 13468 0.964114832536 0.9147 0.8276 0.8889
1117 0.7853 33720 7920 0.839901477833 0.7167 0.3125 0.6639
1121 0.7724 28240 6830 0.798353909465 0.5 0.5 0.5243
999 0.6499 7022 7316 0.777574538138 0.5117 0.4847 0.5458
995 0.9262 22484 5712 0.767891682785 0.4302 0.3077 0.3651
1050 0.5823 25126 9441 0.783505154639 0.6182 0.5833 0.5272
1302 0.507 43800 11283 0.884426229508 0.7965 0.66 0.8101
1168 0.5217 35240 7926 0.906779661017 0.7238 0.5 0.6071
998 0.5687 8412 7087 0.705274043433 0.4405 0.404 0.4541
1045 0.7508 8060 7528 0.801822323462 0.5922 0.5815 0.5287
949 0.5392 18640 6105 0.731591448931 0.2703 0.25 0.4324
865 0.522 5436 6180 0.584029712163 0.25 0.125 0.3308
984 0.5682 5856 7074 0.791642484039 0.456 0.2083 0.3495
895 0.881 6940 7392 0.648434925865 0.3714 0.1875 0.3516
1182 0.6947 8506 10287 0.918415707515 0.8084 0.6444 0.7293
1077 0.5998 8878 8272 0.785050159041 0.3915 0.3048 0.4102
1262 0.4019 9798 10900 0.902402240655 0.8345 0.6838 0.6925
1262 0.5857 10864 12416 0.848810214742 0.6323 0.5079 0.541
923 0.9981 7255 8167 0.741521700931 0.4408 0.2875 0.3847
1064 0.8203 7222 7291 0.794729542302 0.4521 0.3061 0.4255
1206 0.4739 36590 10206 0.910537870472 0.7773 0.5652 0.7211
1041 0.5087 25890 6626 0.814121037464 0.6009 0.5556 0.3902
1008 0.8401 5250 7196 0.759441707718 0.2353 0.15 0.2945
1050 0.7327 7457 9272 0.763821097719 0.2741 0.3575 0.312
832 0.4503 7946 7660 0.36954459203 0.25 0.1489 0.2
1116 0.663 7517 8757 0.84216230863 0.6035 0.5642 0.533
997 0.2992 22040 6803 0.672991071429 0.4176 0.2973 0.5385
953 0.8603 7339 7511 0.801128349788 0.4211 0.3793 0.3988
1270 0.6393 34678 9715 0.962890625 0.8128 0.7826 0.8286
940 0.9862 12550 4845 0.738343771747 0.4307 0.25 0.1571
994 0.7403 6500 7359 0.760680666184 0.4376 0.2951 0.3407
1277 0.4942 4850 9649 0.943541488452 0.7961 0.5455 0.7063
1081 0.3604 4770 8794 0.853448275862 0.3924 0.5 0.4
1066 0.5709 5924 6526 0.843651626443 0.5359 0.3684 0.5111
1087 0.9674 6030 8206 0.891236793039 0.5115 0.4194 0.4235
1109 0.8174 7457 7764 0.889715218574 0.6223 0.4839 0.4746
1134 0.7517 29500 8393 0.902709359606 0.5718 0.8 0.7368
954 0.9205 10286 6175 0.870967741935 0.5212 0.6 0.4286
1122 0.7079 31350 7305 0.88996763754 0.5491 1 0.625
948 0.9688 10286 6661 0.774298056156 0.3702 0.3333 0
930 0.9934 10286 6254 0.798975672215 0.3428 0.375 0.75
1065 0.6349 33371 7147 0.889502762431 0.5963 0.3333 0.6667
1173 0.7511 39015 8319 0.950920245399 0.7566 1 0.5714
842 0.6831 21100 4163 0.715231788079 0.2609 0.2 0
883 0.994 22000 4959 0.740740740741 0.4118 0.2222 0
933 0.8257 12494 6170 0.898 0.5115 0 0
1190 0.7755 15718 9562 0.930076628352 0.7605 0.7742 0.7143
941 0.6329 27500 6415 0.728456913828 0.3053 0.3171 0.3846
1033 0.5493 29090 6211 0.897396630934 0.6086 0.6053 0.6667
1358 0.3321 15463 10253 0.955458515284 0.9158 0.8161 0.9398
1067 0.8514 15838 7404 0.672839506173 0.48 0.5 0.3333
1161 0.5902 11092 7705 0.917027417027 0.6696 0.641 0.4
963 0.4106 22400 6610 0.861742424242 0.4828 0.2222 0
1004 0.6572 28966 6133 0.844444444444 0.4826 0.375 0.5
999 0.6505 29350 5903 0.934108527132 0.6914 0.1333 0.5
868 0.7411 28585 5887 0.688279301746 0.3695 0.241 0.3077
1155 0.6203 9908 10524 0.927039413382 0.6861 0.6585 0.7097
1113 0.5486 37352 7887 0.906060606061 0.6213 0.5714 0.75
990 0.3605 20724 7455 0.678118393235 0.4 0.6766 0.7692
1099 0.693 33320 6552 0.802898550725 0.622 0.5714 0.5
1149 0.6356 9176 8016 0.956867779204 0.8205 0.7597 0.7549
1030 0.2165 20768 4102 0.689354275742 0.567 0.2175 0.4217
1002 0.8136 11340 7013 0.916911764706 0.6427 0.5797 0.7143
1002 0.6369 33565 7038 0.902045209903 0.5946 0.5625 0.4706
959 0.8835 28720 6471 0.83883248731 0.3759 0.3968 0.4
1110 0.8096 9720 7702 0.95211786372 0.7583 0.5833 0.7568
1030 0.8252 26430 8270 0.911848341232 0.6162 0.4821 0.5102
879 0.6499 7126 7608 0.450561797753 0.1111 0.3464 0.2105
1016 0.7679 8550 8729 0.800169635284 0.5254 0.4904 0.4733
980 0.7831 8976 7705 0.913435828877 0.586 0.4872 0.5962
1082 0.637 34850 7406 0.878260869565 0.6135 0.625 0.5833
1094 0.8343 32850 7193 0.833333333333 0.4867 0.4706 0.4286
1313 0.3116 45320 10983 0.906976744186 0.8397 0.9268 0.9474
1086 0.7281 36597 7327 0.891687657431 0.6624 0.7143 0.5556
1016 0.8456 29934 7367 0.807982740022 0.5017 0.2444 0.1111
1015 0.9987 18900 5949 0.811518324607 0.3817 0.1538 0.1111
1084 0.8431 33605 6894 0.912087912088 0.5912 0 0.5714
949 0.7449 8509 6928 0.779742765273 0.4367 0.3958 0.5
1220 0.7028 11455 10146 0.945578231293 0.8318 0.7196 0.7467
1102 0.6913 12002 8242 0.816051995163 0.5556 0.5703 0.535
1362 0.2999 12668 12428 0.953017241379 0.9431 0.8418 0.9359
1141 0.4732 14404 7426 0.930693069307 0.7545 0.7407 0.7143
811 0.9459 7784 7414 0.470828233374 0.3333 0.4071 0.2857
750 0.5848 15130 5524 0.29125 0 0.3579 0
1021 0.9311 32482 7466 0.789473684211 0.4733 0.4 0.3333
986 0.8216 8976 7306 0.854521963824 0.5248 0.3448 0.513
970 0.7967 7961 7287 0.850341739335 0.4872 0.2 0.5
1081 0.9709 8574 7679 0.805584281282 0.584 0.4667 0.4651
1204 0.6651 35062 8626 0.948494983278 0.832 0.7333 0.8276
1079 0.972 25934 6395 0.888529886914 0.4198 0.3333 0.5
1112 0.7676 34740 7369 0.930659415364 0.7523 0.3529 0.75
1233 0.8522 41868 9228 0.941446613088 0.7738 0.7333 0.7857
1057 0.876 30284 6350 0.863333333333 0.446 0.4444 0.2941
1145 0.7214 33813 8258 0.950111690246 0.6861 0.6667 0.7353
1175 0.7323 36465 9051 0.924983692107 0.7594 0.7105 0.7273
1072 0.9286 25377 4638 0.883656509695 0.5019 0.375 0.2727
1030 0.8208 12327 8547 0.898193760263 0.6682 0.5636 0.6331
1234 0.5523 12397 10461 0.919206579584 0.8294 0.7168 0.7585
1114 0.8371 8863 8028 0.903966597077 0.7168 0.4624 0.6457
1327 0.5696 43500 8715 0.960365853659 0.881 0.6667 0.9524
989 0.4321 22740 4924 0.809651474531 0.4714 0.1429 0
936 0.4948 25736 5693 0.723311546841 0.5022 0.2143 0
905 0.4267 5564 6170 0.497292418773 0.246 0.0833 1
991 0.6905 19650 6012 0.760154738878 0.5127 0.1818 1
980 0.457 6160 6123 0.672316384181 0.361 0.2162 0
945 0.5734 24992 5456 0.705289672544 0.4368 0.2727 0
965 0.6649 5824 6656 0.624265468372 0.3614 0.2222 0.2857
879 0.7446 6384 6069 0.530913978495 0.4051 0.075 0.3333
1022 0.7868 6216 6867 0.652335456476 0.443 0.4348 0.4231
971 0.3639 18750 4740 0.792727272727 0.3256 0.1429 1
1007 0.8102 6256 6561 0.753846153846 0.389 0.2679 0.3077
942 0.4478 5932 6067 0.599637681159 0.1963 0.1351 0
984 0.7122 6226 6482 0.70234741784 0.4413 0.0667 1
990 0.5131 5808 6566 0.795781516703 0.25 0.0488 0
1021 0.7696 26794 5516 0.820463320463 0.7639 0.5 1
1062 0.851 6456 9237 0.795781516703 0.5851 0.42 0.505
1023 0.6892 27830 5731 0.857382550336 0.5594 0.2857 0.4
950 0.7887 23231 5550 0.708699122107 0.4336 0.2453 0.463
1227 0.6769 41250 7161 0.933940774487 0.7984 0.6923 0.8947
1027 0.8423 25450 6163 0.754016620499 0.5057 0.283 0.25
1090 0.8114 27724 6653 0.897002305919 0.5989 0.0952 0.5652
1105 0.7018 34850 7638 0.883376849434 0.6783 0.4815 0.5185
1049 0.6992 25160 8016 0.774884259259 0.6088 0.15 0.2
1050 0.7656 24666 5576 0.887554585153 0.5862 0.3333 0.7143
1007 0.6621 22950 6425 0.810688405797 0.5423 0.3478 0.3333
1061 0.7146 13120 3814 0.941011235955 0.5048 0.3333 0.3333
950 0.7561 24650 6545 0.852564102564 0.5091 0.2174 0.4286
1217 0.5745 34640 9665 0.93345571363 0.8 0.6222 0.7423
1244 0.6839 34470 8286 0.915354330709 0.5756 0.2727 0.5556
957 0.5397 25098 5671 0.808 0.431 0.2667 0.5
1105 0.5907 29990 5767 0.873873873874 0.6061 0 0.6
1130 0.7515 31604 6468 0.899038461538 0.7629 1 1
1125 0.8194 31866 6730 0.954022988506 0.7628 0.5 0.4348
1090 0.706 23330 6099 0.863868986694 0.4692 0 0.25
1030 0.8468 7578 7073 0.88003502627 0.5752 0.2231 0.4667
1110 0.7646 8710 6886 0.933619456366 0.6793 0.5 0.6207
1070 0.8476 7676 6407 0.902553191489 0.4657 0.4167 0.2143
1130 0.72 8769 6650 0.947138169887 0.7041 0.3158 0.72
1097 0.6356 24770 6106 0.915094339623 0.6387 0.2 0.5714
1030 0.8134 7401 6793 0.892964071856 0.5419 0.2727 0.5758
990 0.7547 7316 6277 0.703039362232 0.3467 0.1563 0.2075
1030 0.8927 8968 6504 0.914696198743 0.5571 0.3636 0.5
1010 0.8927 7946 6307 0.8192048012 0.4072 0 1
1268 0.6792 10403 10758 0.953165374677 0.8521 0.6796 0.7682
1030 0.8608 9300 8037 0.827402514383 0.4385 0.2407 0.2976
1050 0.9647 7484 6252 0.915527950311 0.5587 0.1111 0.3913
1030 0.8663 7720 7066 0.915487094088 0.5329 0.3043 0.1538
1070 0.8285 7577 6317 0.922933499068 0.5919 0.3333 0.4286
1123 0.9569 4404 8810 0.889491525424 0.5465 0.5 0.5227
807 0.9782 4794 7213 0.634085213033 0.125 0.2313 0.5
1466 0.0569 43683 19862 0.962235649547 0.9794 0.9091 0.9316
1211 0.6042 9992 11005 0.919718651467 0.7181 0.5284 0.6296
1283 0.6061 6866 7952 0.843137254902 0.6667 0.2 0.7
966 0.6251 6649 8357 0.855541181544 0.5009 0.4667 0.4139
1014 0.7568 11911 9302 0.919206579584 0.6769 0.6667 0.5
963 0.8523 11902 8510 0.919206579584 0.4935 0.3636 0.5333
1213 0.4336 29144 10523 0.86301369863 0.7059 0.5 0.7273
1073 0.759 9545 8293 0.802837511134 0.6146 0.3846 0.4679
976 0.444 5963 7478 0.844490934449 0.3678 0.3095 0.4018
1106 0.7479 9545 8042 0.802837511134 0.5775 0.375 0.5366
1024 0.6579 6118 7382 0.822815533981 0.4507 0.3636 0.426
1015 0.4207 10056 12909 0.929144166258 0.5 0.4259 0.3871
1020 0.594 10056 14803 0.929144166258 0.472 0.1429 0.5
1017 0.4107 10066 14803 0.929144166258 0.726 0.5909 0.4242
954 0.6443 6471 8434 0.859195402299 0.5361 0.3 0.5032
955 0.5201 21502 5728 0.926701570681 0.6418 1 0
1225 0.6635 26720 7659 0.951219512195 0.487 0.5 0.7143
1010 0.7551 13160 8657 0.809623430962 0.5338 0.5333 0.6101
1104 0.7997 23100 6991 0.863636363636 0.5306 0.3333 0.5
1070 0.5959 23000 7598 0.72695035461 0.6176 1 0.3333
1070 0.4401 5820 8331 0.789967063593 0.4153 0.2 0.6
1085 0.757 9861 8746 0.802837511134 0.4743 0.5333 0.4156
1002 0.4103 3276 7938 0.959247648903 0.3026 0.2704 0.1538
1009 0.6102 4219 5492 0.855504587156 0.2772 0.1628 0.1429
